03-13-2020 ,10:11:23 ,       1845.811, 250  ,            10  , 32  , 111  ,- 3.7184 , 8.3080 ,- 12.1184 ,- 17.0893 ,- 21.5704 ,- 37.3545 ,- 43.2362 ,- 47.3195 ,- 48.6937 ,- 50.1600 ,- 50.5874 ,- 48.6937 ,- 47.4740 ,- 44.7025 ,- 42.6543 ,- 121.3316 ,- 160.6554 ,- 143.8620 ,- 130.3201 ,- 114.2828 ,- 104.4527 ,- 93.0313 ,- 100.3102 ,- 96.9305 ,- 90.5918 ,- 81.5573 ,- 77.5661 ,- 63.6428 ,- 52.2444 ,- 41.7239 ,- 35.7830 , 22.1786 ,
03-13-2020 ,10:11:24 ,       1846.276, 250  ,            10  , 32  , 111  ,- 8.5644 , 8.1206 ,- 11.2833 ,- 16.7080 ,- 20.9786 ,- 38.3376 ,- 43.2362 ,- 47.6154 ,- 50.2422 ,- 51.7578 ,- 51.8893 ,- 50.1765 ,- 48.5655 ,- 45.3962 ,- 41.4181 ,- 125.2373 ,- 162.0264 ,- 144.6214 ,- 132.2664 ,- 116.0351 ,- 103.9792 ,- 93.0313 ,- 100.8066 ,- 95.5792 ,- 90.6905 ,- 80.0384 ,- 77.6581 ,- 62.5677 ,- 51.3337 ,- 42.3189 ,- 35.1913 , 23.0400 ,
03-13-2020 ,10:11:24 ,       1846.79, 250  ,             10  , 32  , 111  ,- 10.6389 , 10.5896 ,- 8.8833 ,- 14.9754 ,- 20.1863 ,- 35.8751 ,- 41.8521 ,- 45.9255 ,- 47.7239 ,- 49.2625 ,- 49.7852 ,- 48.2992 ,- 47.0762 ,- 43.9134 ,- 41.5167 ,- 129.8302 ,- 166.6390 ,- 148.9940 ,- 136.5535 ,- 117.6987 ,- 106.8165 ,- 95.0927 ,- 102.9929 ,- 99.3502 ,- 93.1102 ,- 83.3622 ,- 79.9102 ,- 65.5003 ,- 53.6976 ,- 42.5162 ,- 36.0822 , 23.0400 ,
03-13-2020 ,10:11:25 ,       1847.305, 250  ,            10  , 32  , 111  ,- 20.2291 , 8.2159 ,- 7.9430 ,- 14.0121 ,- 19.7918 ,- 36.5655 ,- 41.4576 ,- 46.0241 ,- 48.6937 ,- 50.3606 ,- 50.8866 ,- 49.2855 ,- 48.2663 ,- 45.1989 ,- 41.5167 ,- 132.6609 ,- 165.6593 ,- 148.5206 ,- 137.7206 ,- 114.8976 ,- 104.8307 ,- 93.5211 ,- 101.1025 ,- 95.9672 ,- 90.9798 ,- 80.1337 ,- 77.0959 ,- 61.9825 ,- 50.2422 ,- 40.8296 ,- 34.7934 , 22.3693 ,
03-13-2020 ,10:11:25 ,       1847.82, 250  ,             10  , 32  , 111  ,- 8.7616 , 8.7847 ,- 10.8658 ,- 16.3200 ,- 21.2745 ,- 37.4499 ,- 43.1376 ,- 47.2176 ,- 49.1770 ,- 50.4592 ,- 50.7880 ,- 49.1869 ,- 47.8685 ,- 44.8011 ,- 42.1808 ,- 126.9009 ,- 163.0094 ,- 145.8576 ,- 134.2160 ,- 117.8729 ,- 103.2231 ,- 92.6368 ,- 100.0110 ,- 96.6412 ,- 90.1085 ,- 81.2746 ,- 77.6581 ,- 63.4488 ,- 52.1524 ,- 42.3189 ,- 35.9836 , 20.5512 ,
03-13-2020 ,10:11:26 ,       1848.285, 250  ,            10  , 32  , 111  ,- 13.7030 , 10.0175 ,- 8.5710 ,- 14.5874 ,- 19.6932 ,- 36.3682 ,- 41.3589 ,- 45.8236 ,- 48.6937 ,- 50.3606 ,- 51.2877 ,- 49.3841 ,- 48.0691 ,- 44.8011 ,- 41.4181 ,- 131.4905 ,- 165.6593 ,- 147.8532 ,- 137.8192 ,- 117.8729 ,- 103.2231 ,- 93.7184 ,- 101.4017 ,- 95.3853 ,- 91.0784 ,- 80.2291 ,- 77.1880 ,- 62.0811 ,- 50.2422 ,- 40.4351 ,- 34.9907 , 21.7940 ,
03-13-2020 ,10:11:26 ,       1848.799, 250  ,            10  , 32  , 111  ,- 9.1562 , 10.6816 ,- 8.7814 ,- 15.3600 ,- 20.5808 ,- 37.3545 ,- 42.8417 ,- 47.3195 ,- 49.3710 ,- 50.5611 ,- 51.0872 ,- 49.0882 ,- 47.6713 ,- 44.5052 ,- 41.6088 ,- 128.8538 ,- 165.5606 ,- 147.6626 ,- 136.2609 ,- 119.7140 ,- 104.8307 ,- 94.6981 ,- 102.8943 ,- 98.4790 ,- 92.1403 ,- 83.1716 ,- 79.8181 ,- 65.3030 ,- 53.5167 ,- 42.9140 ,- 35.8850 , 21.6033 ,
03-13-2020 ,10:11:27 ,       1849.314, 250  ,            10  , 32  , 111  ,- 8.4658 , 9.9222 ,- 9.6132 ,- 15.4554 ,- 20.3836 ,- 37.5485 ,- 42.5425 ,- 46.8198 ,- 49.6603 ,- 51.0576 ,- 51.6888 ,- 50.1765 ,- 48.3650 ,- 45.4948 ,- 41.7995 ,- 125.3360 ,- 162.6149 ,- 145.9530 ,- 133.8247 ,- 115.2461 ,- 106.0603 ,- 94.6981 ,- 102.7924 ,- 97.5124 ,- 92.9162 ,- 81.6526 ,- 79.2526 ,- 63.8367 ,- 52.1524 ,- 42.1184 ,- 35.4871 , 21.9847 ,
03-13-2020 ,10:11:27 ,       1849.829, 250  ,            10  , 32  , 111  ,- 8.2652 , 10.4943 ,- 9.5112 ,- 15.4554 ,- 20.4822 ,- 36.9600 ,- 42.8417 ,- 47.1189 ,- 49.0817 ,- 50.5611 ,- 50.6861 ,- 48.6937 ,- 47.1748 ,- 44.2093 ,- 41.8948 ,- 127.4828 ,- 165.5606 ,- 148.5206 ,- 134.3113 ,- 116.9984 ,- 106.3431 ,- 94.5042 ,- 101.7995 ,- 97.8017 ,- 91.5617 ,- 82.3168 ,- 79.4433 ,- 64.7178 ,- 52.9710 ,- 42.8154 ,- 35.3885 , 21.5080 ,
03-13-2020 ,10:11:28 ,       1850.294, 250  ,            10  , 32  , 111  ,- 7.7721 , 10.5896 ,- 8.8833 ,- 14.7814 ,- 19.9891 ,- 36.5655 ,- 41.2603 ,- 45.6263 ,- 48.6937 ,- 50.0614 ,- 50.9885 ,- 49.2855 ,- 47.8685 ,- 45.2976 ,- 41.8948 ,- 126.6050 ,- 163.8905 ,- 146.4264 ,- 134.5053 ,- 118.5765 ,- 104.7354 ,- 94.1096 ,- 101.7009 ,- 96.4505 ,- 91.8510 ,- 80.8932 ,- 77.2833 ,- 62.0811 ,- 50.7880 ,- 40.1359 ,- 35.4871 , 20.8373 ,
03-13-2020 ,10:11:28 ,       1850.809, 250  ,            10  , 32  , 111  ,- 8.2652 , 8.4986 ,- 10.9710 ,- 16.6093 ,- 21.1759 ,- 37.6504 ,- 43.4302 ,- 47.6154 ,- 49.7589 ,- 50.9589 ,- 51.2877 ,- 49.1869 ,- 47.4740 ,- 44.4066 ,- 41.6088 ,- 125.1420 ,- 161.9310 ,- 145.2888 ,- 132.7529 ,- 116.8242 ,- 104.7354 ,- 93.6198 ,- 101.3031 ,- 97.6077 ,- 90.9798 ,- 82.1261 ,- 80.0055 ,- 65.3030 ,- 53.2439 ,- 43.4104 ,- 35.6844 , 21.1233 ,
03-13-2020 ,10:11:29 ,       1851.324, 250  ,            10  , 32  , 111  ,- 10.6389 , 11.0630 ,- 8.1534 ,- 14.3967 ,- 20.1863 ,- 36.7628 ,- 41.7534 ,- 46.2247 ,- 49.4663 ,- 50.8603 ,- 51.6888 ,- 49.6800 ,- 48.5655 ,- 45.4948 ,- 42.1808 ,- 129.8302 ,- 166.1491 ,- 148.3267 ,- 136.8461 ,- 117.9617 ,- 105.8696 ,- 95.1880 ,- 103.0916 ,- 97.8017 ,- 92.9162 ,- 82.1261 ,- 78.5984 ,- 63.6428 ,- 51.9715 ,- 41.3260 ,- 35.5858 , 21.9847 ,
03-13-2020 ,10:11:29 ,       1851.839, 250  ,            10  , 32  , 111  ,- 13.6044 , 11.0630 ,- 8.0482 ,- 14.7814 ,- 20.4822 ,- 37.3545 ,- 43.5321 ,- 47.8159 ,- 49.7589 ,- 51.4587 ,- 51.7907 ,- 50.0778 ,- 48.2663 ,- 45.0017 ,- 42.0855 ,- 134.8110 ,- 169.3875 ,- 151.1804 ,- 139.7655 ,- 116.1239 ,- 105.3042 ,- 94.4055 ,- 101.6022 ,- 97.3184 ,- 90.5918 ,- 81.5573 ,- 78.6905 ,- 63.7414 ,- 51.6066 ,- 42.0197 ,- 35.7830 , 21.2186 ,
03-13-2020 ,10:11:30 ,       1852.304, 250  ,            10  , 32  , 111  ,- 11.8258 , 9.3534 ,- 10.2411 ,- 16.0340 ,- 20.6795 ,- 38.1403 ,- 43.0389 ,- 47.3195 ,- 49.7589 ,- 51.0576 ,- 52.0899 ,- 50.2751 ,- 48.9633 ,- 46.0866 ,- 42.8450 ,- 129.8302 ,- 164.4790 ,- 146.9984 ,- 138.5984 ,- 122.2554 ,- 104.3573 ,- 94.5042 ,- 102.4965 ,- 97.5124 ,- 92.7222 ,- 81.7480 ,- 77.7535 ,- 63.4488 ,- 52.1524 ,- 42.1184 ,- 36.0822 , 21.6033 ,
03-13-2020 ,10:11:30 ,       1852.819, 250  ,            10  , 32  , 111  ,- 2.4329 , 8.4986 ,- 12.6411 ,- 17.5693 ,- 21.9649 ,- 39.1266 ,- 44.9129 ,- 49.2066 ,- 51.3041 ,- 52.4548 ,- 52.8921 ,- 50.7682 ,- 48.7628 ,- 45.4948 ,- 41.9902 ,- 121.3316 ,- 161.8324 ,- 145.5716 ,- 131.7798 ,- 117.7875 ,- 106.4351 ,- 94.9940 ,- 102.4965 ,- 98.6729 ,- 92.2390 ,- 82.8855 ,- 80.1009 ,- 64.8165 ,- 52.7902 ,- 42.7134 ,- 35.3885 , 21.0280 ,
03-13-2020 ,10:11:31 ,       1853.333, 250  ,            10  , 32  , 111  ,- 14.7912 , 10.0175 ,- 8.9885 ,- 15.1660 ,- 20.8800 ,- 37.2559 ,- 42.6411 ,- 46.9184 ,- 49.5617 ,- 50.9589 ,- 51.5902 ,- 50.1765 ,- 48.9633 ,- 45.4948 ,- 42.7496 ,- 133.8346 ,- 168.6017 ,- 150.4209 ,- 139.1803 ,- 117.3502 ,- 106.1524 ,- 95.1880 ,- 102.4965 ,- 97.8017 ,- 92.4329 ,- 82.1261 ,- 77.7535 ,- 63.1562 ,- 51.7907 ,- 41.1288 ,- 36.0822 , 20.7419 ,
03-13-2020 ,10:11:31 ,       1853.797, 250  ,            10  , 32  , 111  ,- 10.1458 , 8.8800 ,- 10.0307 ,- 15.7447 ,- 20.4822 ,- 37.4499 ,- 42.8417 ,- 47.3195 ,- 49.4663 ,- 51.0576 ,- 51.2877 ,- 49.5814 ,- 47.7699 ,- 44.9030 ,- 41.2307 ,- 127.0949 ,- 163.7952 ,- 146.7124 ,- 134.7025 ,- 117.6987 ,- 104.3573 ,- 94.2083 ,- 101.7009 ,- 97.6077 ,- 91.5617 ,- 81.9387 ,- 79.9102 ,- 64.8165 ,- 52.2444 ,- 42.7134 ,- 35.9836 , 21.5080 ,
03-13-2020 ,10:11:32 ,       1854.312, 250  ,            10  , 32  , 111  ,- 7.5748 , 8.3080 ,- 11.4904 ,- 16.8033 ,- 20.9786 ,- 37.0587 ,- 42.2499 ,- 46.2247 ,- 48.4998 ,- 50.0614 ,- 50.5874 ,- 48.8910 ,- 48.0691 ,- 44.7025 ,- 42.0855 ,- 122.3080 ,- 159.3798 ,- 143.1979 ,- 129.5409 ,- 114.1053 ,- 104.8307 ,- 93.1299 ,- 100.9053 ,- 96.6412 ,- 91.8510 ,- 81.7480 ,- 77.4707 ,- 63.3502 ,- 52.7902 ,- 41.6252 ,- 35.4871 , 21.3173 ,
03-13-2020 ,10:11:32 ,       1854.827, 250  ,            10  , 32  , 111  ,- 8.0679 , 10.6816 ,- 8.5710 ,- 15.0707 ,- 19.9891 ,- 36.9600 ,- 42.8417 ,- 47.4181 ,- 49.6603 ,- 50.9589 ,- 51.4882 ,- 49.5814 ,- 47.4740 ,- 44.4066 ,- 40.8493 ,- 129.1464 ,- 167.1289 ,- 148.8987 ,- 136.0636 ,- 116.2981 ,- 106.0603 ,- 94.8954 ,- 102.3946 ,- 97.6077 ,- 91.5617 ,- 81.7480 ,- 79.6307 ,- 64.3266 ,- 51.6066 ,- 42.2203 ,- 35.0926 , 21.6033 ,
03-13-2020 ,10:11:33 ,       1855.342, 250  ,            10  , 32  , 111  ,- 8.1666 , 9.7315 ,- 10.0307 ,- 15.6460 ,- 20.6795 ,- 37.0587 ,- 42.1513 ,- 46.4219 ,- 49.1770 ,- 50.2619 ,- 51.2877 ,- 49.2855 ,- 48.2663 ,- 44.8011 ,- 41.7041 ,- 128.7551 ,- 167.4247 ,- 149.2801 ,- 136.7475 ,- 122.9557 ,- 107.6647 ,- 96.1710 ,- 103.9858 ,- 99.7348 ,- 93.9814 ,- 83.5496 ,- 79.2526 ,- 64.7178 ,- 53.4247 ,- 42.5162 ,- 36.1808 , 22.4647 ,
03-13-2020 ,10:11:33 ,       1855.807, 250  ,            10  , 32  , 111  ,- 11.9244 , 12.2959 ,- 7.1112 ,- 14.2060 ,- 19.9891 ,- 37.1573 ,- 42.8417 ,- 47.4181 ,- 50.0482 ,- 51.7578 ,- 52.0899 ,- 50.1765 ,- 48.1677 ,- 45.0017 ,- 41.6088 ,- 132.5623 ,- 168.1119 ,- 149.9442 ,- 138.9864 ,- 117.9617 ,- 105.2088 ,- 95.2866 ,- 102.8943 ,- 98.0910 ,- 91.5617 ,- 82.1261 ,- 80.1009 ,- 64.3266 ,- 52.0603 ,- 42.5162 ,- 35.4871 , 22.4647 ,
03-13-2020 ,10:11:34 ,       1856.321, 250  ,            10  , 32  , 111  ,- 12.5162 , 11.9178 ,- 7.5288 ,- 14.3014 ,- 20.1863 ,- 36.2696 ,- 41.6548 ,- 46.3233 ,- 48.6937 ,- 49.8608 ,- 50.4855 ,- 48.6937 ,- 47.8685 ,- 44.7025 ,- 42.1808 ,- 133.6373 ,- 166.9349 ,- 148.5206 ,- 141.3239 ,- 126.2828 ,- 102.3748 ,- 93.7184 ,- 101.4017 ,- 97.0291 ,- 91.6570 ,- 81.8433 ,- 77.4707 ,- 63.2515 ,- 52.2444 ,- 41.5266 ,- 35.9836 , 22.0833 ,
03-13-2020 ,10:11:34 ,       1856.836, 250  ,            10  , 32  , 111  ,- 12.7134 , 9.3534 ,- 9.9255 ,- 15.6460 ,- 20.7814 ,- 38.6334 ,- 43.8280 ,- 47.9145 ,- 50.8209 ,- 52.2543 ,- 52.5896 ,- 50.6663 ,- 48.9633 ,- 45.5934 ,- 42.2762 ,- 128.9491 ,- 164.3837 ,- 147.2845 ,- 136.1623 ,- 117.6987 ,- 104.2620 ,- 94.2083 ,- 101.4017 ,- 96.7398 ,- 90.8811 ,- 80.7979 ,- 78.5031 ,- 63.3502 ,- 51.2450 ,- 42.1184 ,- 35.7830 , 21.6033 ,
03-13-2020 ,10:11:35 ,       1857.351, 250  ,            10  , 32  , 111  ,- 8.6630 , 9.1627 ,- 10.1359 ,- 15.9386 ,- 20.6795 ,- 37.1573 ,- 42.4439 ,- 46.8198 ,- 48.9830 ,- 50.3606 ,- 50.9885 ,- 49.2855 ,- 48.2663 ,- 45.1003 ,- 42.5589 ,- 124.9447 ,- 162.0264 ,- 145.5716 ,- 132.9502 ,- 115.8576 ,- 106.5305 ,- 95.0927 ,- 102.5951 ,- 98.7683 ,- 93.0148 ,- 83.5496 ,- 79.4433 ,- 65.2044 ,- 53.4247 ,- 41.9211 ,- 36.2795 , 20.0712 ,
03-13-2020 ,10:11:35 ,       1857.816, 250  ,            10  , 32  , 111  ,- 6.7825 , 10.6816 ,- 8.8833 ,- 15.3600 ,- 20.2849 ,- 37.8477 ,- 43.3348 ,- 47.7140 ,- 50.3376 ,- 51.4587 ,- 52.2904 ,- 50.0778 ,- 48.4669 ,- 45.1003 ,- 41.1354 ,- 128.5579 ,- 166.8363 ,- 148.9940 ,- 135.8697 ,- 119.9771 ,- 104.7354 ,- 95.0927 ,- 103.1902 ,- 97.9957 ,- 92.6269 ,- 81.8433 ,- 79.6307 ,- 64.2313 ,- 51.9715 ,- 42.1184 ,- 35.6844 , 21.8893 ,
03-13-2020 ,10:11:36 ,       1858.33, 250  ,             10  , 32  , 111  ,- 8.4658 , 9.2581 ,- 10.6586 ,- 16.3200 ,- 21.3732 ,- 37.4499 ,- 43.3348 ,- 47.2176 ,- 49.3710 ,- 50.5611 ,- 51.2877 ,- 49.3841 ,- 48.5655 ,- 45.3962 ,- 42.9403 ,- 126.7990 ,- 163.8905 ,- 146.7124 ,- 134.4099 ,- 115.1573 ,- 105.3042 ,- 93.8170 ,- 101.2044 ,- 97.3184 ,- 91.4631 ,- 82.0340 ,- 77.7535 ,- 63.4488 ,- 52.4252 ,- 41.5266 ,- 35.5858 , 22.9447 ,
03-13-2020 ,10:11:36 ,       1858.845, 250  ,            10  , 32  , 111  ,- 4.7079 , 7.7392 ,- 11.5956 ,- 16.7080 ,- 20.5808 ,- 37.7491 ,- 42.4439 ,- 46.9184 ,- 49.6603 ,- 51.1595 ,- 51.5902 ,- 49.6800 ,- 47.9671 ,- 44.5052 ,- 40.1852 ,- 121.6242 ,- 161.4379 ,- 145.6669 ,- 132.1710 ,- 115.9464 ,- 106.6258 ,- 95.2866 ,- 102.8943 ,- 97.7064 ,- 92.8176 ,- 81.9387 ,- 79.8181 ,- 64.6225 ,- 52.6981 ,- 43.3085 ,- 35.2899 , 22.5600 ,
03-13-2020 ,10:11:37 ,       1859.31, 250  ,             10  , 32  , 111  ,- 3.2252 , 7.6438 ,- 13.6833 ,- 18.5326 ,- 22.4614 ,- 39.1266 ,- 44.8143 ,- 48.8088 ,- 50.6269 ,- 51.5573 ,- 52.1918 ,- 50.3737 ,- 49.1606 ,- 45.7907 ,- 43.1310 ,- 122.8932 ,- 161.8324 ,- 145.3842 ,- 132.5590 ,- 118.3102 ,- 106.5305 ,- 94.9940 ,- 102.0954 ,- 98.8636 ,- 93.1102 ,- 83.6450 ,- 79.9102 ,- 65.5956 ,- 53.8817 ,- 43.1113 ,- 36.5754 , 20.0712 ,
03-13-2020 ,10:11:37 ,       1859.825, 250  ,            10  , 32  , 111  ,- 8.0679 , 11.7271 ,- 8.8833 ,- 15.2647 ,- 20.5808 ,- 38.5348 ,- 44.1239 ,- 48.7102 ,- 51.6921 ,- 53.0532 ,- 53.8948 ,- 51.9518 ,- 50.1535 ,- 46.6817 ,- 43.4137 ,- 131.3918 ,- 169.8773 ,- 151.7491 ,- 139.2790 ,- 120.9403 ,- 108.1381 ,- 97.8379 ,- 105.5770 ,- 99.9288 ,- 95.1420 ,- 83.9310 ,- 81.2253 ,- 65.5003 ,- 53.0630 ,- 42.5162 ,- 36.7759 , 21.6986 ,
03-13-2020 ,10:11:38 ,       1860.34, 250  ,             10  , 32  , 111  ,- 5.0038 , 7.9299 ,- 12.9534 ,- 17.8586 ,- 22.2641 ,- 38.6334 ,- 44.1239 ,- 47.9145 ,- 50.0482 ,- 51.0576 ,- 51.5902 ,- 49.5814 ,- 48.2663 ,- 45.3962 ,- 42.7496 ,- 124.6521 ,- 164.1864 ,- 147.4719 ,- 133.7261 ,- 117.9617 ,- 108.4209 ,- 95.6811 ,- 103.0916 ,- 99.8335 ,- 93.3995 ,- 84.3091 ,- 80.8505 ,- 66.3781 ,- 54.7891 ,- 43.6077 ,- 36.3781 , 20.7419 ,
03-13-2020 ,10:11:38 ,       1860.855, 250  ,            10  , 32  , 111  ,- 6.2893 , 9.6395 ,- 11.1781 ,- 16.8986 ,- 21.2745 ,- 38.8307 ,- 44.1239 ,- 48.4110 ,- 51.3041 ,- 52.3562 ,- 52.7902 ,- 50.6663 ,- 49.1606 ,- 46.1885 ,- 42.2762 ,- 126.3124 ,- 164.3837 ,- 147.2845 ,- 134.2160 ,- 117.5244 ,- 106.3431 ,- 95.6811 ,- 103.3907 ,- 97.9957 ,- 93.3995 ,- 82.4121 ,- 79.5354 ,- 64.2313 ,- 52.3365 ,- 42.1184 ,- 35.6844 , 21.2186 ,
03-13-2020 ,10:11:39 ,       1861.318, 250  ,            10  , 32  , 111  ,- 10.3430 , 11.7271 ,- 8.1534 ,- 14.9754 ,- 20.5808 ,- 36.9600 ,- 42.7397 ,- 47.1189 ,- 49.0817 ,- 50.5611 ,- 50.7880 ,- 49.0882 ,- 47.4740 ,- 44.2093 ,- 41.6088 ,- 132.4669 ,- 167.7173 ,- 149.3754 ,- 139.4762 ,- 124.8823 ,- 103.6965 ,- 94.5042 ,- 102.2959 ,- 98.6729 ,- 92.2390 ,- 83.0762 ,- 79.5354 ,- 64.8165 ,- 52.9710 ,- 42.4176 ,- 35.8850 , 21.6986 ,
03-13-2020 ,10:11:39 ,       1861.833, 250  ,            10  , 32  , 111  ,- 11.3326 , 10.9677 ,- 9.0937 ,- 15.3600 ,- 20.5808 ,- 38.3376 ,- 43.8280 ,- 48.1151 ,- 50.9195 ,- 52.2543 ,- 52.9907 ,- 51.2614 ,- 49.6570 ,- 46.5830 ,- 43.0356 ,- 131.5858 ,- 167.3261 ,- 149.9442 ,- 137.1354 ,- 117.6099 ,- 105.9650 ,- 95.4839 ,- 102.8943 ,- 97.6077 ,- 92.7222 ,- 81.6526 ,- 78.8779 ,- 63.6428 ,- 52.0603 ,- 41.7239 ,- 35.9836 , 20.8373 ,
03-13-2020 ,10:11:40 ,       1862.348, 250  ,            10  , 32  , 111  ,- 6.2893 , 8.4033 ,- 11.9112 ,- 17.2833 ,- 21.6691 ,- 38.3376 ,- 43.8280 ,- 47.7140 ,- 49.9496 ,- 51.1595 ,- 51.4882 ,- 49.3841 ,- 47.9671 ,- 44.9030 ,- 41.9902 ,- 126.3124 ,- 164.8735 ,- 147.8532 ,- 134.5053 ,- 118.6620 ,- 107.7601 ,- 95.2866 ,- 102.9929 ,- 99.8335 ,- 92.9162 ,- 83.8357 ,- 80.8505 ,- 66.7693 ,- 54.7891 ,- 44.4000 ,- 35.8850 , 21.3173 ,
03-13-2020 ,10:11:40 ,       1862.862, 250  ,            10  , 32  , 111  ,- 1.3447 , 6.6970 ,- 14.9359 ,- 18.8219 ,- 22.2641 ,- 39.6197 ,- 44.6170 ,- 48.7102 ,- 51.2088 ,- 52.3562 ,- 52.9907 ,- 51.1628 ,- 49.7556 ,- 46.5830 ,- 43.1310 ,- 123.1858 ,- 165.3634 ,- 148.7080 ,- 134.3113 ,- 119.2768 ,- 109.4598 ,- 97.5453 ,- 105.3765 ,- 100.3135 ,- 95.1420 ,- 84.0263 ,- 81.1299 ,- 65.6943 ,- 53.6088 ,- 43.4104 ,- 35.8850 , 21.3173 ,
03-13-2020 ,10:11:41 ,       1863.326, 250  ,            10  , 32  , 111  ,- 5.6942 , 9.2581 ,- 11.9112 ,- 17.2833 ,- 22.0669 ,- 38.8307 ,- 44.6170 ,- 48.7102 ,- 50.4362 ,- 51.9551 ,- 52.0899 ,- 50.0778 ,- 48.5655 ,- 45.3962 ,- 42.7496 ,- 128.5579 ,- 168.5031 ,- 150.3223 ,- 136.9414 ,- 121.3776 ,- 107.6647 ,- 96.3683 ,- 104.0844 ,- 100.6061 ,- 93.9814 ,- 84.6905 ,- 81.6954 ,- 67.1606 ,- 54.6082 ,- 43.8050 ,- 36.8745 , 21.4126 ,
03-13-2020 ,10:11:41 ,       1863.84, 250  ,             10  , 32  , 111  ,- 10.4416 , 10.2082 ,- 9.3008 ,- 15.0707 ,- 20.2849 ,- 37.4499 ,- 42.7397 ,- 47.4181 ,- 49.8543 ,- 51.8565 ,- 52.3891 ,- 50.6663 ,- 49.4598 ,- 46.2871 ,- 42.5589 ,- 130.3168 ,- 167.7173 ,- 150.5163 ,- 137.8192 ,- 119.6253 ,- 108.2335 ,- 97.2494 ,- 105.0806 ,- 99.9288 ,- 95.0466 ,- 83.9310 ,- 80.1929 ,- 65.2044 ,- 53.5167 ,- 42.5162 ,- 36.1808 , 21.5080 ,
03-13-2020 ,10:11:42 ,       1864.355, 250  ,            10  , 32  , 111  ,- 11.2340 , 12.2959 ,- 7.5288 ,- 14.9754 ,- 20.5808 ,- 37.4499 ,- 43.2362 ,- 47.7140 ,- 49.9496 ,- 51.4587 ,- 51.3863 ,- 49.4828 ,- 48.1677 ,- 44.6039 ,- 41.8948 ,- 134.0286 ,- 169.0916 ,- 150.7990 ,- 139.9595 ,- 117.6987 ,- 105.3042 ,- 94.5042 ,- 101.7009 ,- 97.8017 ,- 91.2691 ,- 82.2214 ,- 79.2526 ,- 64.8165 ,- 52.2444 ,- 42.1184 ,- 35.6844 , 21.9847 ,
03-13-2020 ,10:11:42 ,       1864.87, 250  ,             10  , 32  , 111  ,- 15.0871 , 7.3611 ,- 11.0762 ,- 16.2247 ,- 21.1759 ,- 38.4362 ,- 43.3348 ,- 47.8159 ,- 50.5315 ,- 51.7578 ,- 52.3891 ,- 50.8669 ,- 49.8543 ,- 46.8789 ,- 42.9403 ,- 128.7551 ,- 163.4006 ,- 146.5250 ,- 136.4549 ,- 117.6099 ,- 103.9792 ,- 94.3069 ,- 101.4017 ,- 96.3518 ,- 91.8510 ,- 80.7979 ,- 76.9085 ,- 62.1798 ,- 51.4258 ,- 41.5266 ,- 35.8850 , 21.8893 ,
03-13-2020 ,10:11:43 ,       1865.335, 250  ,            10  , 32  , 111  ,- 9.5507 , 10.6816 ,- 9.8236 ,- 16.1293 ,- 21.2745 ,- 38.2389 ,- 44.1239 ,- 48.5096 ,- 50.3376 ,- 51.6559 ,- 52.0899 ,- 50.0778 ,- 48.1677 ,- 45.1003 ,- 42.0855 ,- 130.0242 ,- 167.0302 ,- 148.9940 ,- 137.0401 ,- 118.5765 ,- 105.3042 ,- 94.9940 ,- 102.2959 ,- 98.2850 ,- 91.8510 ,- 82.6028 ,- 80.1929 ,- 65.3030 ,- 53.2439 ,- 43.3085 ,- 36.1808 , 21.1233 ,
03-13-2020 ,10:11:43 ,       1865.85, 250  ,             10  , 32  , 111  ,- 14.8899 , 12.5819 ,- 5.9638 ,- 13.2427 ,- 19.4959 ,- 35.7765 ,- 41.2603 ,- 46.0241 ,- 48.8844 ,- 50.2619 ,- 51.0872 ,- 49.0882 ,- 47.9671 ,- 44.8011 ,- 41.3228 ,- 134.7124 ,- 168.3058 ,- 149.8488 ,- 141.1299 ,- 120.9403 ,- 103.5091 ,- 93.9124 ,- 101.5003 ,- 96.2565 ,- 91.1737 ,- 80.8932 ,- 76.9085 ,- 62.0811 ,- 51.2450 ,- 40.8296 ,- 35.2899 , 21.2186 ,
03-13-2020 ,10:11:44 ,       1866.365, 250  ,            10  , 32  , 111  ,- 11.5299 , 10.9677 ,- 7.8411 ,- 14.6860 ,- 19.8904 ,- 36.5655 ,- 42.5425 ,- 46.6225 ,- 48.6937 ,- 49.7622 ,- 50.2850 ,- 48.2006 ,- 46.4778 ,- 43.3184 ,- 40.1852 ,- 128.5579 ,- 163.1080 ,- 145.8576 ,- 135.0905 ,- 115.5091 ,- 103.5091 ,- 92.5414 ,- 99.9124 ,- 96.0625 ,- 89.8192 ,- 80.6105 ,- 78.4110 ,- 63.7414 ,- 51.9715 ,- 42.2203 ,- 35.1913 , 22.3693 ,
03-13-2020 ,10:11:44 ,       1866.83, 250  ,             10  , 32  , 111  ,- 17.9540 , 11.4411 ,- 6.5885 ,- 13.2427 ,- 19.4959 ,- 35.3819 ,- 41.0630 ,- 45.2285 ,- 48.0165 ,- 49.3644 ,- 50.3869 ,- 48.7924 ,- 48.2663 ,- 45.2976 ,- 43.0356 ,- 132.8582 ,- 165.0708 ,- 147.9486 ,- 138.3058 ,- 110.6039 ,- 102.1842 ,- 91.4631 ,- 98.7190 ,- 93.7414 ,- 88.5601 ,- 78.4241 ,- 73.9036 ,- 59.6384 ,- 49.0619 ,- 39.4422 ,- 34.2970 , 22.7540 ,
03-13-2020 ,10:11:45 ,       1867.345, 250  ,            10  , 32  , 111  ,- 8.4658 , 10.3989 ,- 8.8833 ,- 15.2647 ,- 20.4822 ,- 37.1573 ,- 42.8417 ,- 47.2176 ,- 49.0817 ,- 50.4592 ,- 50.7880 ,- 48.8910 ,- 46.7770 ,- 43.6176 ,- 40.4713 ,- 124.6521 ,- 160.0669 ,- 143.1979 ,- 131.3886 ,- 112.9677 ,- 101.8061 ,- 91.5584 ,- 98.5184 ,- 94.5173 ,- 88.3661 ,- 78.9009 ,- 76.9085 ,- 62.3737 ,- 50.4263 ,- 41.1288 ,- 34.2970 , 20.9326 ,
03-13-2020 ,10:11:45 ,       1867.86, 250  ,             10  , 32  , 111  ,- 12.4175 , 9.2581 ,- 9.3008 ,- 14.9754 ,- 20.2849 ,- 36.0723 ,- 41.4576 ,- 45.4291 ,- 47.8225 ,- 49.3644 ,- 49.8839 ,- 48.3978 ,- 47.5726 ,- 44.8011 ,- 41.9902 ,- 127.8740 ,- 161.8324 ,- 144.2434 ,- 133.2395 ,- 110.1666 ,- 101.7107 ,- 91.1672 ,- 98.5184 ,- 93.9354 ,- 88.9447 ,- 78.9009 ,- 74.4658 ,- 60.8121 ,- 50.6072 ,- 39.7414 ,- 35.0926 , 20.0712 ,
03-13-2020 ,10:11:46 ,       1868.373, 250  ,            10  , 32  , 111  ,- 5.6942 , 9.5441 ,- 10.4482 ,- 16.5140 ,- 20.6795 ,- 37.6504 ,- 43.0389 ,- 47.4181 ,- 49.5617 ,- 50.6598 ,- 51.0872 ,- 49.1869 ,- 47.1748 ,- 44.0121 ,- 40.3759 ,- 124.4581 ,- 162.8121 ,- 146.0483 ,- 132.4603 ,- 115.0718 ,- 106.0603 ,- 94.4055 ,- 101.7009 ,- 97.9003 ,- 91.7557 ,- 81.7480 ,- 80.2883 ,- 64.7178 ,- 52.3365 ,- 43.0126 ,- 35.0926 , 21.4126 ,
03-13-2020 ,10:11:46 ,       1868.838, 250  ,            10  , 32  , 111  ,- 12.0230 , 11.9178 ,- 7.2132 ,- 14.0121 ,- 20.2849 ,- 36.3682 ,- 41.7534 ,- 46.1228 ,- 48.6937 ,- 49.9628 ,- 50.9885 ,- 49.0882 ,- 48.3650 ,- 44.8011 ,- 42.3682 ,- 130.2214 ,- 164.1864 ,- 146.0483 ,- 136.3562 ,- 119.5398 ,- 102.9403 ,- 92.7387 ,- 100.2083 ,- 95.9672 ,- 90.6905 ,- 80.4165 ,- 76.2510 ,- 61.9825 ,- 50.9721 ,- 40.9315 ,- 35.1913 , 20.1666 ,
03-13-2020 ,10:11:47 ,       1869.353, 250  ,            10  , 32  , 111  ,- 13.8017 , 11.7271 ,- 7.5288 ,- 14.5874 ,- 20.3836 ,- 37.8477 ,- 43.6307 ,- 48.4110 ,- 50.8209 ,- 52.1556 ,- 52.6915 ,- 50.5677 ,- 48.8647 ,- 45.5934 ,- 42.1808 ,- 132.2697 ,- 164.7749 ,- 146.6171 ,- 138.4998 ,- 118.5765 ,- 101.9935 ,- 92.3442 ,- 99.7118 ,- 95.1913 ,- 89.2373 ,- 78.9929 ,- 77.0959 ,- 61.9825 ,- 50.2422 ,- 41.0302 ,- 35.3885 , 21.5080 ,
03-13-2020 ,10:11:47 ,       1869.868, 250  ,            10  , 32  , 111  ,- 6.9797 , 8.6893 ,- 11.5956 ,- 16.8033 ,- 21.3732 ,- 37.8477 ,- 42.9403 ,- 46.9184 ,- 49.0817 ,- 50.2619 ,- 50.9885 ,- 49.0882 ,- 48.1677 ,- 45.1989 ,- 42.3682 ,- 125.2373 ,- 162.2236 ,- 144.7168 ,- 132.6543 ,- 115.4203 ,- 104.2620 ,- 92.8340 ,- 100.6061 ,- 96.6412 ,- 90.5918 ,- 81.2746 ,- 77.0006 ,- 63.4488 ,- 52.3365 ,- 41.5266 ,- 35.9836 , 22.0833 ,
03-13-2020 ,10:11:48 ,       1870.383, 250  ,            10  , 32  , 111  ,- 8.5644 , 10.1129 ,- 9.4060 ,- 15.7447 ,- 21.1759 ,- 38.5348 ,- 44.0252 ,- 48.7102 ,- 50.9195 ,- 52.5535 ,- 52.9907 ,- 51.0641 ,- 49.1606 ,- 46.1885 ,- 42.8450 ,- 125.6286 ,- 161.8324 ,- 144.6214 ,- 132.8516 ,- 116.1239 ,- 103.2231 ,- 92.6368 ,- 100.2083 ,- 95.1913 ,- 89.9146 ,- 79.6603 ,- 77.5661 ,- 62.2751 ,- 50.2422 ,- 41.6252 ,- 35.0926 , 21.9847 ,
03-13-2020 ,10:11:48 ,       1870.848, 250  ,            10  , 32  , 111  ,- 8.3638 , 12.2006 ,- 7.8411 ,- 14.4921 ,- 19.8904 ,- 36.0723 ,- 42.0493 ,- 46.0241 ,- 48.4998 ,- 49.7622 ,- 50.6861 ,- 48.5951 ,- 47.2734 ,- 43.7162 ,- 41.5167 ,- 129.2417 ,- 165.7546 ,- 148.0439 ,- 136.4549 ,- 118.6620 ,- 104.8307 ,- 94.4055 ,- 102.7924 ,- 98.3803 ,- 92.2390 ,- 82.5074 ,- 78.6905 ,- 64.4252 ,- 53.0630 ,- 42.0197 ,- 35.1913 , 20.6466 ,
03-13-2020 ,10:11:49 ,       1871.363, 250  ,            10  , 32  , 111  ,- 7.3775 , 8.1206 ,- 12.2236 ,- 17.5693 ,- 21.7677 ,- 39.7184 ,- 44.8143 ,- 49.0093 ,- 51.4981 ,- 52.8526 ,- 53.3918 ,- 51.2614 ,- 49.4598 ,- 46.5830 ,- 42.8450 ,- 126.4110 ,- 164.2850 ,- 146.5250 ,- 134.3113 ,- 117.8729 ,- 105.6823 ,- 94.8954 ,- 102.9929 ,- 97.6077 ,- 92.0450 ,- 81.6526 ,- 79.2526 ,- 64.0340 ,- 51.6987 ,- 42.3189 ,- 36.4767 , 22.3693 ,
03-13-2020 ,10:11:49 ,       1871.878, 250  ,            10  , 32  , 111  ,- 5.9934 , 9.4488 ,- 11.5956 ,- 17.0893 ,- 21.9649 ,- 38.2389 ,- 43.9266 ,- 47.8159 ,- 49.9496 ,- 51.0576 ,- 51.5902 ,- 49.4828 ,- 48.2663 ,- 45.1003 ,- 42.5589 ,- 127.7787 ,- 166.0505 ,- 148.4220 ,- 135.6757 ,- 116.2981 ,- 106.4351 ,- 94.9940 ,- 102.7924 ,- 98.7683 ,- 93.0148 ,- 83.3622 ,- 79.4433 ,- 64.9118 ,- 53.6976 ,- 42.7134 ,- 36.4767 , 21.1233 ,
03-13-2020 ,10:11:50 ,       1872.343, 250  ,            10  , 32  , 111  ,- 6.8811 , 9.3534 ,- 10.6586 ,- 16.0340 ,- 20.7814 ,- 38.2389 ,- 43.2362 ,- 47.7140 ,- 50.6269 ,- 51.7578 ,- 52.2904 ,- 50.4724 ,- 48.7628 ,- 45.4948 ,- 41.7995 ,- 125.5299 ,- 164.0878 ,- 147.1891 ,- 134.7025 ,- 118.3990 ,- 105.6823 ,- 94.8954 ,- 102.4965 ,- 97.5124 ,- 92.1403 ,- 81.4620 ,- 79.0652 ,- 63.9387 ,- 51.8795 ,- 42.0197 ,- 35.4871 , 21.9847 ,
03-13-2020 ,10:11:50 ,       1872.858, 250  ,            10  , 32  , 111  ,- 7.8707 , 9.8301 ,- 10.5534 ,- 16.2247 ,- 20.6795 ,- 36.9600 ,- 42.4439 ,- 46.1228 ,- 48.3058 ,- 49.8608 ,- 49.8839 ,- 48.2006 ,- 47.3721 ,- 44.4066 ,- 42.0855 ,- 127.4828 ,- 165.0708 ,- 147.1891 ,- 134.8965 ,- 118.3990 ,- 105.5869 ,- 94.1096 ,- 101.6022 ,- 97.8017 ,- 91.4631 ,- 82.3168 ,- 78.5031 ,- 64.4252 ,- 53.0630 ,- 42.1184 ,- 35.5858 , 21.6986 ,
03-13-2020 ,10:11:51 ,       1873.372, 250  ,            10  , 32  , 111  ,- 11.4312 , 10.6816 ,- 8.6729 ,- 14.7814 ,- 20.2849 ,- 37.9430 ,- 43.2362 ,- 47.7140 ,- 50.6269 ,- 51.9551 ,- 52.5896 ,- 50.8669 ,- 49.2592 ,- 46.2871 ,- 42.8450 ,- 129.3403 ,- 164.5776 ,- 146.7124 ,- 136.6488 ,- 117.4357 ,- 103.8839 ,- 94.0110 ,- 101.2044 ,- 95.6746 ,- 91.1737 ,- 80.0384 ,- 77.5661 ,- 62.3737 ,- 50.6992 ,- 41.2274 ,- 35.4871 , 22.8493 ,
03-13-2020 ,10:11:51 ,       1873.887, 250  ,            10  , 32  , 111  ,- 6.6838 , 10.2082 ,- 10.2411 ,- 16.7080 ,- 21.0773 ,- 37.6504 ,- 43.4302 ,- 47.6154 ,- 49.5617 ,- 51.0576 ,- 51.4882 ,- 49.6800 ,- 47.9671 ,- 45.0017 ,- 42.3682 ,- 126.0198 ,- 163.6965 ,- 146.4264 ,- 134.2160 ,- 118.2247 ,- 106.1524 ,- 94.6981 ,- 102.1973 ,- 98.4790 ,- 92.4329 ,- 83.3622 ,- 79.5354 ,- 65.4017 ,- 53.2439 ,- 42.7134 ,- 36.0822 , 21.6033 ,
03-13-2020 ,10:11:52 ,       1874.352, 250  ,            10  , 32  , 111  ,- 3.8170 , 8.9721 ,- 12.8482 ,- 17.6647 ,- 21.6691 ,- 39.4225 ,- 44.4198 ,- 48.8088 ,- 51.4981 ,- 52.6554 ,- 53.1913 ,- 51.2614 ,- 49.7556 ,- 46.4844 ,- 43.1310 ,- 125.7272 ,- 165.5606 ,- 147.7579 ,- 134.9951 ,- 118.3990 ,- 106.4351 ,- 95.5825 ,- 102.9929 ,- 97.8017 ,- 92.8176 ,- 81.8433 ,- 78.9732 ,- 63.3502 ,- 51.6066 ,- 41.8225 ,- 36.2795 , 22.7540 ,
03-13-2020 ,10:11:52 ,       1874.867, 250  ,            10  , 32  , 111  ,- 6.9797 , 11.2537 ,- 8.9885 ,- 15.6460 ,- 20.6795 ,- 37.1573 ,- 43.2362 ,- 47.5167 ,- 49.6603 ,- 50.9589 ,- 51.3863 ,- 49.4828 ,- 47.9671 ,- 44.6039 ,- 42.0855 ,- 129.7316 ,- 168.4045 ,- 150.3223 ,- 136.4549 ,- 118.2247 ,- 107.0039 ,- 94.8954 ,- 102.4965 ,- 99.0609 ,- 92.5283 ,- 83.1716 ,- 79.9102 ,- 65.0104 ,- 53.0630 ,- 42.8154 ,- 35.5858 , 21.5080 ,
03-13-2020 ,10:11:53 ,       1875.382, 250  ,            10  , 32  , 111  ,- 6.7825 , 6.6970 ,- 14.1008 ,- 18.2433 ,- 22.3628 ,- 39.3239 ,- 43.9266 ,- 48.2137 ,- 50.9195 ,- 52.0570 ,- 52.7902 ,- 50.9655 ,- 49.2592 ,- 46.3858 ,- 42.6543 ,- 125.4346 ,- 164.7749 ,- 147.7579 ,- 133.8247 ,- 118.3102 ,- 108.3255 ,- 96.5622 ,- 104.1864 ,- 98.9622 ,- 93.9814 ,- 82.7935 ,- 79.3480 ,- 63.9387 ,- 52.1524 ,- 42.3189 ,- 35.6844 , 21.2186 ,
03-13-2020 ,10:11:53 ,       1875.897, 250  ,            10  , 32  , 111  ,- 0.5556 , 8.7847 ,- 12.2236 ,- 17.5693 ,- 21.7677 ,- 38.3376 ,- 44.1239 ,- 48.1151 ,- 50.0482 ,- 51.4587 ,- 51.5902 ,- 49.5814 ,- 47.9671 ,- 44.6039 ,- 42.0855 ,- 122.6992 ,- 163.0094 ,- 146.6171 ,- 133.1442 ,- 118.1360 ,- 107.5694 ,- 95.2866 ,- 103.2888 ,- 99.3502 ,- 92.7222 ,- 83.3622 ,- 80.8505 ,- 66.2795 ,- 53.9704 ,- 43.2099 ,- 35.8850 , 21.2186 ,
03-13-2020 ,10:11:54 ,       1876.362, 250  ,            10  , 32  , 111  ,- 6.2893 , 7.1704 ,- 13.3710 ,- 17.8586 ,- 21.9649 ,- 40.0143 ,- 44.9129 ,- 48.6115 ,- 51.3041 ,- 52.6554 ,- 53.3918 ,- 51.7545 ,- 50.0548 ,- 47.0762 ,- 43.2230 ,- 123.4784 ,- 161.1453 ,- 144.6214 ,- 132.0724 ,- 116.9097 ,- 104.4527 ,- 93.4258 ,- 101.2044 ,- 96.2565 ,- 91.3677 ,- 80.9885 ,- 77.2833 ,- 62.2751 ,- 51.3337 ,- 41.6252 ,- 36.2795 , 22.0833 ,
03-13-2020 ,10:11:54 ,       1876.877, 250  ,            10  , 32  , 111  ,- 10.7375 , 8.6893 ,- 12.0132 ,- 17.9573 ,- 22.7573 ,- 40.1129 ,- 45.8992 ,- 49.8050 ,- 51.8861 ,- 53.2537 ,- 53.1913 ,- 51.4587 ,- 49.9562 ,- 46.5830 ,- 43.6044 ,- 128.4625 ,- 163.9891 ,- 146.3310 ,- 135.0905 ,- 116.3836 ,- 103.7918 ,- 93.3239 ,- 100.7047 ,- 96.8351 ,- 90.3025 ,- 81.2746 ,- 78.7858 ,- 65.0104 ,- 53.3359 ,- 43.8050 ,- 36.5754 , 21.5080 ,
03-13-2020 ,10:11:55 ,       1877.392, 250  ,            10  , 32  , 111  ,- 5.4970 , 8.2159 ,- 12.0132 ,- 16.8033 ,- 21.2745 ,- 38.4362 ,- 43.3348 ,- 47.7140 ,- 50.6269 ,- 51.9551 ,- 52.5896 ,- 51.0641 ,- 49.5584 ,- 46.4844 ,- 42.7496 ,- 124.1623 ,- 163.0094 ,- 146.5250 ,- 133.2395 ,- 117.0839 ,- 107.0992 ,- 95.4839 ,- 103.1902 ,- 97.9957 ,- 93.3042 ,- 82.4121 ,- 78.4110 ,- 63.5474 ,- 52.5173 ,- 41.9211 ,- 36.3781 , 21.1233 ,
03-13-2020 ,10:11:55 ,       1877.857, 250  ,            10  , 32  , 111  ,- 13.3085 , 11.0630 ,- 8.7814 ,- 15.9386 ,- 21.6691 ,- 38.6334 ,- 45.1102 ,- 49.4072 ,- 51.5967 ,- 52.8526 ,- 53.3918 ,- 51.2614 ,- 49.4598 ,- 46.3858 ,- 43.9858 ,- 134.9097 ,- 169.5815 ,- 150.8943 ,- 140.8373 ,- 115.6833 ,- 105.6823 ,- 94.4055 ,- 101.5003 ,- 97.5124 ,- 90.8811 ,- 81.3666 ,- 78.6905 ,- 63.7414 ,- 51.9715 ,- 42.1184 ,- 36.2795 , 21.2186 ,
03-13-2020 ,10:11:56 ,       1878.372, 250  ,            10  , 32  , 111  ,- 14.1962 , 11.6318 ,- 7.4236 ,- 14.5874 ,- 20.5808 ,- 38.0417 ,- 43.4302 ,- 48.2137 ,- 50.8209 ,- 52.3562 ,- 53.2932 ,- 51.3600 ,- 50.0548 ,- 46.6817 ,- 43.5091 ,- 133.1508 ,- 164.8735 ,- 147.2845 ,- 140.5447 ,- 127.2494 ,- 102.2795 ,- 93.9124 ,- 101.8981 ,- 97.1277 ,- 92.1403 ,- 81.1792 ,- 77.4707 ,- 62.6663 ,- 51.6987 ,- 41.6252 ,- 36.5754 , 20.5512 ,
03-13-2020 ,10:11:56 ,       1878.887, 250  ,            10  , 32  , 111  ,- 7.4762 , 10.0175 ,- 10.6586 ,- 16.8033 ,- 21.5704 ,- 38.7321 ,- 44.7156 ,- 48.9074 ,- 51.0148 ,- 52.4548 ,- 52.7902 ,- 50.4724 ,- 48.7628 ,- 45.4948 ,- 42.4636 ,- 130.1228 ,- 168.6017 ,- 150.3223 ,- 137.7206 ,- 121.1146 ,- 106.3431 ,- 95.9737 ,- 103.8872 ,- 99.6395 ,- 93.2055 ,- 83.7403 ,- 81.1299 ,- 66.1841 ,- 53.6088 ,- 43.8050 ,- 36.7759 , 21.2186 ,
03-13-2020 ,10:11:57 ,       1879.402, 250  ,            10  , 32  , 111  ,- 10.2444 , 10.6816 ,- 9.6132 ,- 15.8400 ,- 21.2745 ,- 37.9430 ,- 43.3348 ,- 47.7140 ,- 50.7255 ,- 52.1556 ,- 52.5896 ,- 50.8669 ,- 49.9562 ,- 45.9880 ,- 43.2230 ,- 131.2932 ,- 166.9349 ,- 148.7080 ,- 138.5984 ,- 120.3255 ,- 105.1135 ,- 94.8954 ,- 102.7924 ,- 97.9003 ,- 92.8176 ,- 82.1261 ,- 78.1283 ,- 63.7414 ,- 52.7902 ,- 42.1184 ,- 36.7759 , 21.6986 ,
03-13-2020 ,10:11:57 ,       1879.867, 250  ,            10  , 32  , 111  ,- 9.7480 , 11.0630 ,- 8.8833 ,- 15.3600 ,- 20.4822 ,- 37.2559 ,- 43.0389 ,- 47.4181 ,- 49.6603 ,- 51.0576 ,- 51.3863 ,- 49.1869 ,- 47.4740 ,- 44.4066 ,- 40.7540 ,- 129.9256 ,- 165.8532 ,- 148.2346 ,- 137.1354 ,- 118.7507 ,- 105.1135 ,- 94.5042 ,- 102.2959 ,- 98.4790 ,- 92.2390 ,- 82.6028 ,- 80.1009 ,- 65.5003 ,- 53.1518 ,- 43.8050 ,- 35.4871 , 22.1786 ,
03-13-2020 ,10:11:58 ,       1880.382, 250  ,            10  , 32  , 111  ,- 15.1858 , 8.7847 ,- 10.2411 ,- 16.0340 ,- 21.3732 ,- 38.0417 ,- 43.3348 ,- 47.7140 ,- 50.0482 ,- 51.4587 ,- 51.9880 ,- 50.2751 ,- 49.3578 ,- 46.2871 ,- 43.7951 ,- 130.5140 ,- 162.6149 ,- 145.3842 ,- 137.3294 ,- 115.6833 ,- 102.3748 ,- 92.6368 ,- 100.6061 ,- 95.7699 ,- 90.9798 ,- 80.7979 ,- 76.5337 ,- 62.4724 ,- 51.7907 ,- 41.8225 ,- 36.0822 , 21.3173 ,
03-13-2020 ,10:11:58 ,       1880.897, 250  ,            10  , 32  , 111  ,- 7.7721 , 10.2082 ,- 9.6132 ,- 15.4554 ,- 20.8800 ,- 38.4362 ,- 44.0252 ,- 48.6115 ,- 50.8209 ,- 52.2543 ,- 52.5896 ,- 50.5677 ,- 48.5655 ,- 45.4948 ,- 41.7995 ,- 127.5814 ,- 166.8363 ,- 149.5628 ,- 135.8697 ,- 119.7140 ,- 108.2335 ,- 96.7595 ,- 104.8801 ,- 100.3135 ,- 94.2740 ,- 84.4077 ,- 82.5403 ,- 67.0620 ,- 54.2433 ,- 44.4000 ,- 36.0822 , 21.8893 ,
03-13-2020 ,10:11:59 ,       1881.412, 250  ,            10  , 32  , 111  ,- 12.7134 , 12.2959 ,- 7.6307 ,- 14.5874 ,- 20.3836 ,- 36.8614 ,- 42.2499 ,- 46.8198 ,- 49.5617 ,- 50.8603 ,- 51.6888 ,- 49.6800 ,- 48.9633 ,- 45.5934 ,- 43.0356 ,- 132.9535 ,- 167.0302 ,- 149.1847 ,- 139.1803 ,- 116.9097 ,- 104.6433 ,- 94.7968 ,- 102.6938 ,- 98.0910 ,- 92.4329 ,- 82.2214 ,- 77.6581 ,- 63.4488 ,- 52.8789 ,- 41.7239 ,- 36.5754 , 20.4559 ,
03-13-2020 ,10:11:59 ,       1881.877, 250  ,            10  , 32  , 111  ,- 2.6301 , 10.0175 ,- 11.3885 ,- 17.4740 ,- 21.3732 ,- 39.3239 ,- 44.6170 ,- 48.8088 ,- 51.2088 ,- 52.7540 ,- 52.8921 ,- 50.9655 ,- 48.6641 ,- 45.5934 ,- 41.5167 ,- 122.7946 ,- 161.4379 ,- 144.0527 ,- 130.6094 ,- 116.0351 ,- 103.6012 ,- 92.7387 ,- 100.3102 ,- 96.2565 ,- 90.3025 ,- 80.3244 ,- 78.4110 ,- 63.5474 ,- 50.8800 ,- 41.9211 ,- 35.1913 , 21.2186 ,
03-13-2020 ,10:12:00 ,       1882.392, 250  ,            10  , 32  , 111  ,- 5.5956 , 9.7315 ,- 10.5534 ,- 16.1293 ,- 20.6795 ,- 36.9600 ,- 42.3485 ,- 46.3233 ,- 48.6937 ,- 49.7622 ,- 50.7880 ,- 49.0882 ,- 47.9671 ,- 44.8011 ,- 42.3682 ,- 125.7272 ,- 164.3837 ,- 146.9031 ,- 134.4099 ,- 118.0505 ,- 106.8165 ,- 95.2866 ,- 103.0916 ,- 98.6729 ,- 93.1102 ,- 83.1716 ,- 78.8779 ,- 64.4252 ,- 53.1518 ,- 41.8225 ,- 35.7830 , 21.6033 ,
03-13-2020 ,10:12:00 ,       1882.907, 250  ,            10  , 32  , 111  ,- 8.7616 , 11.3458 ,- 8.9885 ,- 15.5507 ,- 20.7814 ,- 38.0417 ,- 43.2362 ,- 47.7140 ,- 49.7589 ,- 51.2581 ,- 51.6888 ,- 49.6800 ,- 47.6713 ,- 44.4066 ,- 40.7540 ,- 127.3875 ,- 162.7135 ,- 145.0028 ,- 134.2160 ,- 117.4357 ,- 102.4669 ,- 92.3442 ,- 99.7118 ,- 94.9020 ,- 89.4313 ,- 79.3743 ,- 77.2833 ,- 62.5677 ,- 51.1529 ,- 42.3189 ,- 34.9907 , 21.6033 ,
03-13-2020 ,10:12:01 ,       1883.372, 250  ,            10  , 32  , 111  ,- 12.4175 , 11.1584 ,- 7.8411 ,- 14.5874 ,- 20.2849 ,- 36.3682 ,- 41.8521 ,- 46.1228 ,- 48.4044 ,- 49.5617 ,- 50.2850 ,- 48.3978 ,- 47.4740 ,- 44.0121 ,- 41.3228 ,- 128.3639 ,- 162.3223 ,- 145.0028 ,- 133.5321 ,- 114.1053 ,- 102.8450 ,- 92.0483 ,- 99.4127 ,- 95.4806 ,- 89.7206 ,- 80.2291 ,- 75.9683 ,- 62.1798 ,- 51.3337 ,- 40.8296 ,- 34.8921 , 20.8373 ,
03-13-2020 ,10:12:01 ,       1883.887, 250  ,            10  , 32  , 111  ,- 9.8499 , 10.7770 ,- 8.1534 ,- 14.5874 ,- 19.5945 ,- 35.9737 ,- 41.4576 ,- 45.9255 ,- 48.6937 ,- 49.9628 ,- 50.3869 ,- 48.5951 ,- 46.8756 ,- 43.8148 ,- 40.4713 ,- 127.0949 ,- 163.2034 ,- 145.5716 ,- 133.4335 ,- 118.1360 ,- 102.6576 ,- 92.7387 ,- 100.5075 ,- 95.4806 ,- 90.3025 ,- 80.1337 ,- 77.5661 ,- 62.4724 ,- 50.4263 ,- 41.1288 ,- 34.7934 , 22.5600 ,
03-13-2020 ,10:12:02 ,       1884.401, 250  ,            10  , 32  , 111  ,- 12.7134 , 11.6318 ,- 7.0060 ,- 14.1074 ,- 19.9891 ,- 36.0723 ,- 41.6548 ,- 46.0241 ,- 48.4044 ,- 49.9628 ,- 50.5874 ,- 48.4965 ,- 47.6713 ,- 44.4066 ,- 42.0855 ,- 130.2214 ,- 166.0505 ,- 148.3267 ,- 136.3562 ,- 115.5979 ,- 105.3962 ,- 94.2083 ,- 101.6022 ,- 97.5124 ,- 91.4631 ,- 82.0340 ,- 78.1283 ,- 63.3502 ,- 51.5178 ,- 41.3260 ,- 35.5858 , 21.2186 ,
03-13-2020 ,10:12:02 ,       1884.916, 250  ,            10  , 32  , 111  ,- 4.0142 , 9.4488 ,- 10.7606 ,- 16.1293 ,- 20.6795 ,- 37.0587 ,- 42.5425 ,- 46.8198 ,- 49.3710 ,- 50.6598 ,- 50.8866 ,- 49.1869 ,- 47.1748 ,- 43.9134 ,- 40.1852 ,- 121.4302 ,- 159.3798 ,- 142.8165 ,- 129.5409 ,- 115.3316 ,- 102.8450 ,- 92.5414 ,- 99.9124 ,- 94.9973 ,- 89.8192 ,- 79.5650 ,- 77.4707 ,- 62.6663 ,- 50.7880 ,- 41.0302 ,- 34.1984 , 22.4647 ,
03-13-2020 ,10:12:03 ,       1885.381, 250  ,            10  , 32  , 111  ,- 3.5211 , 8.4033 ,- 12.3288 ,- 17.3786 ,- 21.1759 ,- 36.9600 ,- 42.7397 ,- 46.5206 ,- 48.4044 ,- 49.7622 ,- 50.0844 ,- 48.1019 ,- 46.8756 ,- 43.8148 ,- 41.2307 ,- 122.6006 ,- 162.2236 ,- 145.2888 ,- 131.9738 ,- 117.1727 ,- 105.9650 ,- 93.7184 ,- 101.6022 ,- 98.2850 ,- 91.9496 ,- 83.0762 ,- 79.2526 ,- 65.0104 ,- 53.5167 ,- 42.2203 ,- 35.6844 , 20.8373 ,
03-13-2020 ,10:12:03 ,       1885.896, 250  ,            10  , 32  , 111  ,- 4.0142 , 9.7315 ,- 10.9710 ,- 16.6093 ,- 20.4822 ,- 37.9430 ,- 43.0389 ,- 47.6154 ,- 50.0482 ,- 51.5573 ,- 52.0899 ,- 50.0778 ,- 48.2663 ,- 45.2976 ,- 41.3228 ,- 124.7508 ,- 165.0708 ,- 147.8532 ,- 133.3382 ,- 117.4357 ,- 107.8554 ,- 95.6811 ,- 103.3907 ,- 98.2850 ,- 93.0148 ,- 82.0340 ,- 79.9102 ,- 63.8367 ,- 51.8795 ,- 42.6148 ,- 35.2899 , 22.2740 ,
03-13-2020 ,10:12:04 ,       1886.411, 250  ,            10  , 32  , 111  ,- 4.7079 , 10.2082 ,- 10.3463 ,- 16.4154 ,- 20.8800 ,- 37.0587 ,- 42.9403 ,- 46.8198 ,- 48.6937 ,- 49.6636 ,- 50.3869 ,- 48.2006 ,- 47.1748 ,- 43.7162 ,- 41.4181 ,- 125.5299 ,- 163.3020 ,- 145.9530 ,- 133.2395 ,- 116.9984 ,- 105.5869 ,- 93.9124 ,- 101.4017 ,- 97.9957 ,- 91.3677 ,- 82.2214 ,- 78.4110 ,- 64.6225 ,- 53.0630 ,- 42.2203 ,- 35.6844 , 21.6986 ,
03-13-2020 ,10:12:04 ,       1886.926, 250  ,            10  , 32  , 111  ,- 2.6301 , 8.1206 ,- 12.4307 ,- 17.1847 ,- 21.0773 ,- 38.2389 ,- 43.0389 ,- 47.7140 ,- 50.2422 ,- 51.3567 ,- 51.9880 ,- 49.9759 ,- 48.4669 ,- 45.4948 ,- 41.6088 ,- 122.3080 ,- 162.5195 ,- 145.8576 ,- 131.7798 ,- 116.2981 ,- 106.3431 ,- 95.2866 ,- 103.0916 ,- 97.8017 ,- 92.7222 ,- 81.7480 ,- 78.9732 ,- 63.3502 ,- 51.0608 ,- 40.6324 ,- 35.3885 , 22.9447 ,
03-13-2020 ,10:12:05 ,       1887.391, 250  ,            10  , 32  , 111  ,- 11.0334 , 10.3989 ,- 10.1359 ,- 16.3200 ,- 21.6691 ,- 37.9430 ,- 43.8280 ,- 47.8159 ,- 49.6603 ,- 51.2581 ,- 51.6888 ,- 49.5814 ,- 48.5655 ,- 45.7907 ,- 43.6044 ,- 132.4669 ,- 167.2275 ,- 149.0894 ,- 138.6938 ,- 117.2614 ,- 104.5480 ,- 93.7184 ,- 101.2044 ,- 97.7064 ,- 91.1737 ,- 82.2214 ,- 78.5984 ,- 64.0340 ,- 52.5173 ,- 42.0197 ,- 35.9836 , 21.4126 ,
03-13-2020 ,10:12:05 ,       1887.906, 250  ,            10  , 32  , 111  ,- 4.6093 , 9.6395 ,- 11.1781 ,- 16.6093 ,- 20.7814 ,- 38.6334 ,- 43.5321 ,- 48.2137 ,- 50.5315 ,- 52.0570 ,- 52.7902 ,- 50.9655 ,- 49.0619 ,- 45.8893 ,- 42.0855 ,- 124.2609 ,- 163.7952 ,- 147.1891 ,- 133.1442 ,- 118.5765 ,- 106.3431 ,- 95.4839 ,- 103.1902 ,- 98.3803 ,- 93.2055 ,- 82.5074 ,- 79.5354 ,- 64.2313 ,- 52.1524 ,- 42.2203 ,- 35.7830 , 22.1786 ,
03-13-2020 ,10:12:06 ,       1888.421, 250  ,            10  , 32  , 111  ,- 9.1562 , 10.5896 ,- 9.9255 ,- 16.1293 ,- 21.1759 ,- 37.8477 ,- 43.7293 ,- 47.8159 ,- 49.9496 ,- 51.2581 ,- 51.5902 ,- 49.5814 ,- 48.0691 ,- 45.0017 ,- 42.3682 ,- 131.2932 ,- 168.0132 ,- 150.4209 ,- 137.5266 ,- 118.3990 ,- 107.0992 ,- 95.3853 ,- 102.8943 ,- 98.8636 ,- 92.8176 ,- 83.5496 ,- 80.1929 ,- 66.3781 ,- 53.8817 ,- 43.5091 ,- 35.5858 , 21.0280 ,
03-13-2020 ,10:12:06 ,       1888.886, 250  ,            10  , 32  , 111  ,- 14.2948 , 11.9178 ,- 6.6937 ,- 13.3381 ,- 19.6932 ,- 36.3682 ,- 41.8521 ,- 46.4219 ,- 49.5617 ,- 50.8603 ,- 51.8893 ,- 50.2751 ,- 48.6641 ,- 45.7907 ,- 42.5589 ,- 132.5623 ,- 166.6390 ,- 148.7080 ,- 138.5984 ,- 117.8729 ,- 104.8307 ,- 94.5042 ,- 101.9968 ,- 96.6412 ,- 91.9496 ,- 80.5118 ,- 77.4707 ,- 62.4724 ,- 50.6992 ,- 40.9315 ,- 35.0926 , 21.7940 ,
03-13-2020 ,10:12:07 ,       1889.401, 250  ,            10  , 32  , 111  ,- 7.8707 , 9.9222 ,- 10.2411 ,- 16.3200 ,- 21.1759 ,- 37.7491 ,- 43.5321 ,- 47.6154 ,- 49.5617 ,- 51.4587 ,- 51.6888 ,- 49.5814 ,- 47.7699 ,- 44.7025 ,- 42.1808 ,- 128.2653 ,- 166.5404 ,- 149.2801 ,- 135.8697 ,- 120.2401 ,- 108.9864 ,- 96.4636 ,- 104.4822 ,- 100.5075 ,- 93.9814 ,- 84.5951 ,- 82.3529 ,- 67.3546 ,- 54.7891 ,- 44.3014 ,- 35.7830 , 21.8893 ,
03-13-2020 ,10:12:07 ,       1889.916, 250  ,            10  , 32  , 111  ,- 6.8811 , 8.2159 ,- 12.1184 ,- 17.0893 ,- 21.6691 ,- 38.9293 ,- 43.6307 ,- 48.0132 ,- 50.8209 ,- 52.3562 ,- 53.0926 ,- 51.4587 ,- 49.7556 ,- 46.7803 ,- 43.0356 ,- 124.3595 ,- 162.0264 ,- 145.7623 ,- 133.5321 ,- 116.9097 ,- 106.0603 ,- 95.5825 ,- 103.3907 ,- 98.1896 ,- 93.3042 ,- 82.6028 ,- 78.8779 ,- 64.1326 ,- 52.2444 ,- 42.2203 ,- 36.3781 , 22.2740 ,
03-13-2020 ,10:12:08 ,       1890.431, 250  ,            10  , 32  , 111  ,- 13.0126 , 10.5896 ,- 8.8833 ,- 15.3600 ,- 20.6795 ,- 37.4499 ,- 43.6307 ,- 47.8159 ,- 50.0482 ,- 51.1595 ,- 51.7907 ,- 50.0778 ,- 48.5655 ,- 45.3962 ,- 42.5589 ,- 133.8346 ,- 168.5031 ,- 150.6083 ,- 139.7655 ,- 120.0625 ,- 106.3431 ,- 95.1880 ,- 102.6938 ,- 98.8636 ,- 92.3343 ,- 82.8855 ,- 80.2883 ,- 65.6943 ,- 53.6976 ,- 43.7063 ,- 36.0822 , 21.0280 ,
03-13-2020 ,10:12:08 ,       1890.896, 250  ,            10  , 32  , 111  ,- 12.2203 , 12.4866 ,- 7.6307 ,- 14.5874 ,- 20.2849 ,- 37.4499 ,- 43.0389 ,- 47.4181 ,- 50.4362 ,- 51.6559 ,- 52.5896 ,- 50.3737 ,- 48.9633 ,- 45.7907 ,- 42.1808 ,- 134.5184 ,- 169.1902 ,- 150.6083 ,- 141.0313 ,- 122.1666 ,- 105.9650 ,- 95.8751 ,- 103.7886 ,- 98.3803 ,- 93.5935 ,- 82.5074 ,- 78.5031 ,- 63.3502 ,- 51.6987 ,- 42.0197 ,- 35.7830 , 21.5080 ,
03-13-2020 ,10:12:09 ,       1891.409, 250  ,            10  , 32  , 111  ,- 5.8948 , 10.2082 ,- 9.6132 ,- 15.7447 ,- 20.6795 ,- 36.9600 ,- 43.1376 ,- 47.4181 ,- 49.7589 ,- 50.8603 ,- 51.2877 ,- 49.3841 ,- 47.4740 ,- 44.4066 ,- 41.5167 ,- 125.0434 ,- 163.3020 ,- 146.1436 ,- 133.5321 ,- 116.5612 ,- 105.1135 ,- 94.1096 ,- 101.6022 ,- 97.6077 ,- 91.1737 ,- 82.1261 ,- 79.1606 ,- 64.9118 ,- 52.0603 ,- 42.1184 ,- 35.2899 , 22.6586 ,
03-13-2020 ,10:12:09 ,       1891.924, 250  ,            10  , 32  , 111  ,- 4.0142 , 9.4488 ,- 11.4904 ,- 16.8986 ,- 20.9786 ,- 37.8477 ,- 42.9403 ,- 47.2176 ,- 49.5617 ,- 50.7584 ,- 51.5902 ,- 49.5814 ,- 48.6641 ,- 45.3962 ,- 42.1808 ,- 125.2373 ,- 164.0878 ,- 146.7124 ,- 133.5321 ,- 116.9984 ,- 105.5869 ,- 94.3069 ,- 102.1973 ,- 96.8351 ,- 92.0450 ,- 81.6526 ,- 77.9409 ,- 63.0576 ,- 51.9715 ,- 41.2274 ,- 35.5858 , 23.3260 ,
03-13-2020 ,10:12:10 ,       1892.439, 250  ,            10  , 32  , 111  ,- 7.7721 , 9.0674 ,- 11.3885 ,- 16.9940 ,- 21.9649 ,- 38.8307 ,- 44.9129 ,- 49.3085 ,- 50.9195 ,- 52.3562 ,- 52.5896 ,- 50.5677 ,- 48.8647 ,- 46.0866 ,- 42.6543 ,- 128.7551 ,- 166.3431 ,- 148.3267 ,- 135.9683 ,- 119.8883 ,- 105.2088 ,- 94.6981 ,- 102.2959 ,- 97.9957 ,- 91.6570 ,- 82.1261 ,- 79.4433 ,- 64.9118 ,- 52.2444 ,- 42.5162 ,- 36.1808 , 21.5080 ,
03-13-2020 ,10:12:10 ,       1892.904, 250  ,            10  , 32  , 111  ,- 7.7721 , 9.1627 ,- 10.9710 ,- 16.6093 ,- 20.9786 ,- 38.0417 ,- 43.2362 ,- 47.4181 ,- 49.5617 ,- 51.2581 ,- 51.9880 ,- 50.4724 ,- 49.1606 ,- 45.9880 ,- 43.1310 ,- 126.3124 ,- 163.4993 ,- 146.4264 ,- 133.2395 ,- 116.9984 ,- 104.9261 ,- 93.8170 ,- 101.8981 ,- 96.5458 ,- 92.0450 ,- 81.3666 ,- 77.3754 ,- 63.2515 ,- 52.1524 ,- 41.5266 ,- 35.8850 , 21.3173 ,
03-13-2020 ,10:12:11 ,       1893.419, 250  ,            10  , 32  , 111  ,- 8.4658 , 8.6893 ,- 11.1781 ,- 17.0893 ,- 21.6691 ,- 39.3239 ,- 44.9129 ,- 49.3085 ,- 51.4981 ,- 52.8526 ,- 53.1913 ,- 51.2614 ,- 49.4598 ,- 46.2871 ,- 42.9403 ,- 126.9962 ,- 165.4620 ,- 148.6127 ,- 135.5771 ,- 117.0839 ,- 107.4773 ,- 95.6811 ,- 103.5880 ,- 98.9622 ,- 92.6269 ,- 82.9809 ,- 80.8505 ,- 65.7929 ,- 52.9710 ,- 43.3085 ,- 36.3781 , 22.1786 ,
03-13-2020 ,10:12:11 ,       1893.934, 250  ,            10  , 32  , 111  ,- 6.8811 , 10.8723 ,- 10.0307 ,- 15.8400 ,- 20.8800 ,- 37.5485 ,- 42.9403 ,- 47.3195 ,- 49.7589 ,- 51.0576 ,- 51.6888 ,- 50.0778 ,- 49.1606 ,- 46.0866 ,- 43.5091 ,- 129.6329 ,- 168.2072 ,- 150.1349 ,- 138.6938 ,- 121.8149 ,- 107.3820 ,- 96.5622 ,- 104.5809 ,- 99.7348 ,- 94.1754 ,- 83.5496 ,- 79.2526 ,- 63.7414 ,- 52.7902 ,- 41.5266 ,- 36.3781 , 22.4647 ,
03-13-2020 ,10:12:12 ,       1894.399, 250  ,            10  , 32  , 111  ,- 16.1754 , 11.7271 ,- 6.5885 ,- 14.2060 ,- 19.9891 ,- 37.2559 ,- 43.1376 ,- 47.8159 ,- 50.2422 ,- 51.7578 ,- 51.9880 ,- 50.1765 ,- 48.1677 ,- 45.0017 ,- 41.7041 ,- 136.1787 ,- 171.1497 ,- 152.6039 ,- 140.3508 ,- 118.5765 ,- 106.9086 ,- 95.8751 ,- 102.8943 ,- 98.2850 ,- 92.1403 ,- 82.3168 ,- 80.3803 ,- 64.0340 ,- 51.7907 ,- 42.8154 ,- 35.9836 , 20.8373 ,
03-13-2020 ,10:12:12 ,       1894.914, 250  ,            10  , 32  , 111  ,- 16.5699 , 10.4943 ,- 7.7359 ,- 14.3967 ,- 20.2849 ,- 37.0587 ,- 42.3485 ,- 46.5206 ,- 49.4663 ,- 50.8603 ,- 51.5902 ,- 50.0778 ,- 49.1606 ,- 45.6921 ,- 42.6543 ,- 132.4669 ,- 165.6593 ,- 148.4220 ,- 137.7206 ,- 115.0718 ,- 104.9261 ,- 93.8170 ,- 101.4017 ,- 97.4170 ,- 92.4329 ,- 82.6028 ,- 77.8455 ,- 63.6428 ,- 53.3359 ,- 42.5162 ,- 35.4871 , 22.3693 ,
03-13-2020 ,10:12:13 ,       1895.429, 250  ,            10  , 32  , 111  ,- 8.8603 , 9.0674 ,- 10.3463 ,- 15.9386 ,- 20.5808 ,- 37.7491 ,- 43.5321 ,- 47.9145 ,- 50.1436 ,- 51.4587 ,- 51.6888 ,- 49.9759 ,- 48.3650 ,- 44.9030 ,- 41.6088 ,- 124.8461 ,- 161.5365 ,- 144.5261 ,- 132.9502 ,- 114.0198 ,- 103.5091 ,- 93.0313 ,- 100.2083 ,- 95.6746 ,- 90.0099 ,- 80.4165 ,- 78.5031 ,- 63.3502 ,- 51.2450 ,- 41.4247 ,- 35.6844 , 20.8373 ,
03-13-2020 ,10:12:13 ,       1895.944, 250  ,            10  , 32  , 111  ,- 12.4175 , 11.5364 ,- 8.0482 ,- 14.8767 ,- 20.3836 ,- 37.2559 ,- 42.6411 ,- 46.9184 ,- 49.4663 ,- 50.6598 ,- 51.3863 ,- 49.5814 ,- 48.5655 ,- 45.1989 ,- 42.6543 ,- 132.1743 ,- 166.7376 ,- 149.4675 ,- 138.4012 ,- 117.7875 ,- 107.0992 ,- 95.1880 ,- 102.9929 ,- 99.0609 ,- 93.1102 ,- 83.0762 ,- 79.1606 ,- 64.7178 ,- 53.3359 ,- 41.9211 ,- 35.8850 , 20.2619 ,
03-13-2020 ,10:12:14 ,       1896.409, 250  ,            10  , 32  , 111  ,- 6.7825 , 10.7770 ,- 9.6132 ,- 15.8400 ,- 20.8800 ,- 37.9430 ,- 43.3348 ,- 47.6154 ,- 50.1436 ,- 51.2581 ,- 51.9880 ,- 49.9759 ,- 47.7699 ,- 44.7025 ,- 41.1354 ,- 125.6286 ,- 162.6149 ,- 145.4762 ,- 132.8516 ,- 115.6833 ,- 104.3573 ,- 93.6198 ,- 101.3031 ,- 96.5458 ,- 90.9798 ,- 81.1792 ,- 79.2526 ,- 63.8367 ,- 51.7907 ,- 42.0197 ,- 35.0926 , 22.7540 ,
03-13-2020 ,10:12:14 ,       1896.924, 250  ,            10  , 32  , 111  ,- 13.6044 , 12.9600 ,- 6.4833 ,- 14.3014 ,- 20.0877 ,- 36.6641 ,- 42.3485 ,- 47.1189 ,- 49.7589 ,- 50.8603 ,- 51.6888 ,- 50.0778 ,- 48.5655 ,- 45.3962 ,- 43.3184 ,- 136.5667 ,- 171.4456 ,- 152.8899 ,- 141.7151 ,- 117.9617 ,- 106.9086 ,- 95.8751 ,- 103.1902 ,- 99.3502 ,- 93.3995 ,- 83.2669 ,- 78.6905 ,- 64.4252 ,- 52.6981 ,- 42.3189 ,- 36.0822 , 21.3173 ,
03-13-2020 ,10:12:15 ,       1897.439, 250  ,            10  , 32  , 111  ,- 8.0679 , 9.1627 ,- 9.9255 ,- 15.7447 ,- 20.6795 ,- 37.8477 ,- 43.0389 ,- 47.6154 ,- 50.2422 ,- 51.3567 ,- 51.9880 ,- 50.3737 ,- 48.5655 ,- 45.3962 ,- 41.2307 ,- 126.6050 ,- 165.6593 ,- 148.6127 ,- 134.6039 ,- 119.3623 ,- 107.4773 ,- 95.6811 ,- 103.4894 ,- 98.6729 ,- 93.1102 ,- 82.4121 ,- 80.7584 ,- 65.0104 ,- 52.7902 ,- 43.3085 ,- 35.6844 , 21.4126 ,
03-13-2020 ,10:12:15 ,       1897.953, 250  ,            10  , 32  , 111  ,- 10.2444 , 10.7770 ,- 8.9885 ,- 15.4554 ,- 20.3836 ,- 36.7628 ,- 42.6411 ,- 46.5206 ,- 48.5951 ,- 49.9628 ,- 50.4855 ,- 48.6937 ,- 47.4740 ,- 44.3080 ,- 41.8948 ,- 129.7316 ,- 164.7749 ,- 147.2845 ,- 136.6488 ,- 119.0138 ,- 104.1699 ,- 93.6198 ,- 101.2044 ,- 97.5124 ,- 91.6570 ,- 82.4121 ,- 78.2236 ,- 64.2313 ,- 53.0630 ,- 42.3189 ,- 35.6844 , 21.3173 ,
03-13-2020 ,10:12:16 ,       1898.417, 250  ,            10  , 32  , 111  ,- 8.4658 , 9.9222 ,- 10.1359 ,- 16.0340 ,- 20.7814 ,- 38.3376 ,- 43.5321 ,- 48.1151 ,- 50.8209 ,- 52.2543 ,- 52.4910 ,- 50.7682 ,- 49.0619 ,- 45.8893 ,- 41.6088 ,- 129.0477 ,- 166.4417 ,- 148.8034 ,- 136.5535 ,- 119.0992 ,- 105.7743 ,- 96.0724 ,- 104.2850 ,- 98.6729 ,- 93.5935 ,- 82.5074 ,- 80.0055 ,- 65.1091 ,- 52.8789 ,- 42.8154 ,- 35.9836 , 21.5080 ,
03-13-2020 ,10:12:16 ,       1898.932, 250  ,            10  , 32  , 111  ,- 10.8362 , 11.6318 ,- 8.3606 ,- 15.5507 ,- 20.7814 ,- 37.4499 ,- 43.3348 ,- 47.1189 ,- 49.6603 ,- 50.8603 ,- 51.3863 ,- 49.5814 ,- 48.2663 ,- 45.1003 ,- 42.9403 ,- 130.1228 ,- 165.4620 ,- 147.7579 ,- 136.6488 ,- 116.9984 ,- 104.6433 ,- 94.0110 ,- 101.5003 ,- 98.0910 ,- 91.6570 ,- 82.5074 ,- 78.5031 ,- 65.1091 ,- 53.6088 ,- 42.5162 ,- 35.9836 , 21.6986 ,
03-13-2020 ,10:12:17 ,       1899.446, 250  ,            10  , 32  , 111  ,- 9.2548 , 10.8723 ,- 8.1534 ,- 14.6860 ,- 19.9891 ,- 37.1573 ,- 42.5425 ,- 47.5167 ,- 49.8543 ,- 51.4587 ,- 52.1918 ,- 50.1765 ,- 48.4669 ,- 45.1003 ,- 41.2307 ,- 129.0477 ,- 165.9519 ,- 148.6127 ,- 137.3294 ,- 118.3990 ,- 105.8696 ,- 95.3853 ,- 103.3907 ,- 97.7064 ,- 92.7222 ,- 81.9387 ,- 79.4433 ,- 64.2313 ,- 51.7907 ,- 42.6148 ,- 35.3885 , 21.8893 ,
03-13-2020 ,10:12:17 ,       1899.911, 250  ,            10  , 32  , 111  ,- 6.9797 , 10.4943 ,- 10.3463 ,- 16.7080 ,- 21.4718 ,- 37.8477 ,- 43.3348 ,- 47.3195 ,- 49.2724 ,- 50.6598 ,- 50.9885 ,- 49.0882 ,- 47.7699 ,- 44.6039 ,- 42.2762 ,- 128.0713 ,- 165.4620 ,- 147.7579 ,- 135.7743 ,- 119.7140 ,- 104.9261 ,- 94.3069 ,- 102.1973 ,- 98.4790 ,- 92.1403 ,- 83.1716 ,- 79.1606 ,- 65.1091 ,- 53.3359 ,- 42.3189 ,- 36.1808 , 22.1786 ,
03-13-2020 ,10:12:18 ,       1900.426, 250  ,            10  , 32  , 111  ,- 7.8707 , 9.3534 ,- 9.9255 ,- 15.8400 ,- 20.5808 ,- 37.4499 ,- 42.7397 ,- 47.1189 ,- 49.9496 ,- 51.2581 ,- 51.9880 ,- 50.1765 ,- 48.4669 ,- 45.5934 ,- 41.7041 ,- 124.9447 ,- 162.9108 ,- 145.8576 ,- 133.3382 ,- 117.7875 ,- 105.4916 ,- 94.6981 ,- 102.7924 ,- 97.3184 ,- 92.6269 ,- 81.7480 ,- 79.0652 ,- 63.8367 ,- 51.7907 ,- 41.9211 ,- 35.6844 , 22.5600 ,
03-13-2020 ,10:12:18 ,       1900.941, 250  ,            10  , 32  , 111  ,- 7.1803 , 10.7770 ,- 9.5112 ,- 15.7447 ,- 21.0773 ,- 37.7491 ,- 43.6307 ,- 47.8159 ,- 49.6603 ,- 51.0576 ,- 51.5902 ,- 49.5814 ,- 48.3650 ,- 45.0017 ,- 42.1808 ,- 127.0949 ,- 163.5979 ,- 145.8576 ,- 134.8965 ,- 121.8149 ,- 102.7529 ,- 93.2285 ,- 101.0039 ,- 97.3184 ,- 90.9798 ,- 82.2214 ,- 78.8779 ,- 64.3266 ,- 52.7902 ,- 42.8154 ,- 35.9836 , 20.7419 ,
03-13-2020 ,10:12:19 ,       1901.454, 250  ,            10  , 32  , 111  ,- 12.7134 , 9.3534 ,- 9.9255 ,- 15.6460 ,- 20.5808 ,- 37.9430 ,- 43.2362 ,- 47.8159 ,- 50.5315 ,- 51.8565 ,- 52.7902 ,- 50.9655 ,- 49.5584 ,- 46.5830 ,- 43.0356 ,- 131.4905 ,- 167.9146 ,- 150.4209 ,- 137.1354 ,- 116.2094 ,- 107.0039 ,- 95.9737 ,- 103.5880 ,- 98.2850 ,- 93.3042 ,- 82.0340 ,- 78.9732 ,- 63.3502 ,- 51.9715 ,- 42.2203 ,- 36.2795 , 21.8893 ,
03-13-2020 ,10:12:19 ,       1901.919, 250  ,            10  , 32  , 111  ,- 12.5162 , 9.9222 ,- 9.5112 ,- 15.7447 ,- 20.7814 ,- 37.3545 ,- 43.0389 ,- 47.3195 ,- 49.5617 ,- 50.8603 ,- 51.3863 ,- 49.3841 ,- 47.9671 ,- 44.6039 ,- 41.7041 ,- 130.9053 ,- 165.5606 ,- 147.9486 ,- 137.6253 ,- 119.7140 ,- 104.5480 ,- 93.6198 ,- 101.1025 ,- 97.6077 ,- 91.1737 ,- 82.0340 ,- 79.3480 ,- 64.8165 ,- 52.8789 ,- 43.1113 ,- 35.6844 , 21.5080 ,
03-13-2020 ,10:12:20 ,       1902.434, 250  ,            10  , 32  , 111  ,- 10.2444 , 9.0674 ,- 10.1359 ,- 15.7447 ,- 20.2849 ,- 37.1573 ,- 42.4439 ,- 46.3233 ,- 49.3710 ,- 50.9589 ,- 51.8893 ,- 49.9759 ,- 48.8647 ,- 45.8893 ,- 42.2762 ,- 127.5814 ,- 165.6593 ,- 148.1393 ,- 135.0905 ,- 118.3102 ,- 106.6258 ,- 95.2866 ,- 102.9929 ,- 97.4170 ,- 92.9162 ,- 81.9387 ,- 78.1283 ,- 62.7650 ,- 50.9721 ,- 41.1288 ,- 35.4871 , 22.3693 ,
03-13-2020 ,10:12:20 ,       1902.949, 250  ,            10  , 32  , 111  ,- 6.4866 , 10.5896 ,- 10.1359 ,- 16.8033 ,- 21.5704 ,- 38.6334 ,- 44.5184 ,- 49.0093 ,- 50.4362 ,- 51.9551 ,- 52.2904 ,- 50.2751 ,- 48.5655 ,- 45.1003 ,- 42.3682 ,- 129.1464 ,- 167.4247 ,- 149.6582 ,- 136.6488 ,- 118.6620 ,- 107.6647 ,- 96.0724 ,- 103.7886 ,- 100.0242 ,- 93.1102 ,- 84.4077 ,- 81.7874 ,- 66.7693 ,- 54.5162 ,- 44.1041 ,- 36.5754 , 20.7419 ,
03-13-2020 ,10:12:21 ,       1903.464, 250  ,            10  , 32  , 111  ,- 8.4658 , 11.4411 ,- 8.6729 ,- 14.9754 ,- 19.9891 ,- 36.7628 ,- 41.9507 ,- 46.3233 ,- 49.1770 ,- 50.4592 ,- 51.2877 ,- 49.4828 ,- 48.2663 ,- 45.0017 ,- 41.0400 ,- 130.2214 ,- 168.1119 ,- 149.6582 ,- 136.7475 ,- 120.2401 ,- 106.2477 ,- 95.5825 ,- 102.7924 ,- 97.6077 ,- 93.0148 ,- 81.5573 ,- 77.8455 ,- 62.6663 ,- 50.9721 ,- 41.1288 ,- 35.3885 , 21.7940 ,
03-13-2020 ,10:12:21 ,       1903.929, 250  ,            10  , 32  , 111  ,- 5.9934 , 9.1627 ,- 10.9710 ,- 16.5140 ,- 20.7814 ,- 37.0587 ,- 42.6411 ,- 46.6225 ,- 48.4044 ,- 50.0614 ,- 50.1863 ,- 48.2992 ,- 47.0762 ,- 44.0121 ,- 40.7540 ,- 125.9212 ,- 164.6763 ,- 147.2845 ,- 134.9951 ,- 118.6620 ,- 107.2866 ,- 95.3853 ,- 102.8943 ,- 99.4455 ,- 92.7222 ,- 83.4576 ,- 80.5677 ,- 66.2795 ,- 53.2439 ,- 43.0126 ,- 35.5858 , 22.4647 ,
03-13-2020 ,10:12:22 ,       1904.444, 250  ,            10  , 32  , 111  ,- 5.6942 , 8.7847 ,- 11.9112 ,- 16.9940 ,- 21.1759 ,- 38.4362 ,- 43.1376 ,- 47.1189 ,- 49.8543 ,- 50.8603 ,- 51.6888 ,- 49.9759 ,- 48.5655 ,- 45.2976 ,- 41.7041 ,- 126.7990 ,- 166.1491 ,- 148.8987 ,- 135.0905 ,- 118.4877 ,- 108.4209 ,- 96.6609 ,- 104.4822 ,- 99.6395 ,- 94.4647 ,- 83.5496 ,- 79.9102 ,- 64.8165 ,- 53.2439 ,- 42.7134 ,- 35.5858 , 21.1233 ,
03-13-2020 ,10:12:22 ,       1904.959, 250  ,            10  , 32  , 111  ,- 5.1025 , 10.3036 ,- 10.2411 ,- 16.4154 ,- 21.2745 ,- 38.0417 ,- 44.2225 ,- 48.1151 ,- 50.5315 ,- 51.6559 ,- 52.0899 ,- 50.1765 ,- 48.1677 ,- 45.3962 ,- 42.0855 ,- 127.5814 ,- 166.8363 ,- 148.9940 ,- 134.9951 ,- 119.9771 ,- 107.3820 ,- 95.4839 ,- 103.2888 ,- 99.2516 ,- 92.7222 ,- 83.3622 ,- 80.6631 ,- 65.5003 ,- 53.0630 ,- 43.1113 ,- 36.0822 , 22.3693 ,
03-13-2020 ,10:12:23 ,       1905.424, 250  ,            10  , 32  , 111  ,- 8.5644 , 8.4986 ,- 11.3885 ,- 16.6093 ,- 21.0773 ,- 37.8477 ,- 42.9403 ,- 47.0203 ,- 49.7589 ,- 51.0576 ,- 51.4882 ,- 50.0778 ,- 48.7628 ,- 45.3962 ,- 42.3682 ,- 127.1902 ,- 164.0878 ,- 146.5250 ,- 134.9951 ,- 118.2247 ,- 104.5480 ,- 94.5995 ,- 102.0954 ,- 97.0291 ,- 92.3343 ,- 81.5573 ,- 77.4707 ,- 62.6663 ,- 51.7907 ,- 41.0302 ,- 35.7830 , 21.5080 ,
03-13-2020 ,10:12:23 ,       1905.938, 250  ,            10  , 32  , 111  ,- 14.1962 , 11.5364 ,- 7.4236 ,- 14.5874 ,- 20.2849 ,- 37.4499 ,- 43.3348 ,- 47.9145 ,- 50.0482 ,- 51.3567 ,- 51.6888 ,- 49.8773 ,- 48.0691 ,- 44.6039 ,- 41.5167 ,- 134.5184 ,- 168.7990 ,- 150.4209 ,- 140.9360 ,- 123.4817 ,- 104.7354 ,- 95.0927 ,- 102.7924 ,- 97.9957 ,- 91.8510 ,- 82.1261 ,- 80.1009 ,- 64.9118 ,- 52.2444 ,- 43.2099 ,- 35.9836 , 21.6986 ,
03-13-2020 ,10:12:24 ,       1906.453, 250  ,            10  , 32  , 111  ,- 8.1666 , 9.7315 ,- 10.4482 ,- 16.3200 ,- 21.0773 ,- 37.9430 ,- 43.3348 ,- 47.4181 ,- 50.1436 ,- 51.5573 ,- 52.3891 ,- 50.5677 ,- 49.5584 ,- 45.8893 ,- 42.7496 ,- 126.6050 ,- 163.2034 ,- 145.4762 ,- 134.1173 ,- 115.7721 ,- 103.9792 ,- 93.8170 ,- 101.0039 ,- 96.8351 ,- 91.5617 ,- 81.2746 ,- 77.0006 ,- 62.4724 ,- 51.8795 ,- 41.4247 ,- 36.0822 , 21.6986 ,
03-13-2020 ,10:12:24 ,       1906.967, 250  ,            10  , 32  , 111  ,- 6.8811 , 10.9677 ,- 9.3008 ,- 16.1293 ,- 20.7814 ,- 38.2389 ,- 43.5321 ,- 48.1151 ,- 50.3376 ,- 51.4587 ,- 51.7907 ,- 49.7787 ,- 48.1677 ,- 44.8011 ,- 41.5167 ,- 129.0477 ,- 167.9146 ,- 149.7535 ,- 136.1623 ,- 118.9250 ,- 107.2866 ,- 95.4839 ,- 103.2888 ,- 98.8636 ,- 92.7222 ,- 82.7935 ,- 80.6631 ,- 65.2044 ,- 52.9710 ,- 43.3085 ,- 35.6844 , 22.8493 ,
03-13-2020 ,10:12:25 ,       1907.432, 250  ,            10  , 32  , 111  ,- 16.5699 , 9.2581 ,- 9.5112 ,- 15.3600 ,- 20.7814 ,- 37.3545 ,- 43.1376 ,- 47.1189 ,- 49.9496 ,- 50.9589 ,- 52.0899 ,- 50.2751 ,- 49.5584 ,- 46.6817 ,- 43.7951 ,- 133.8346 ,- 168.1119 ,- 150.3223 ,- 139.5716 ,- 118.3102 ,- 105.8696 ,- 95.1880 ,- 102.3946 ,- 97.6077 ,- 92.4329 ,- 82.0340 ,- 77.7535 ,- 63.4488 ,- 52.2444 ,- 42.0197 ,- 36.5754 , 20.2619 ,
03-13-2020 ,10:12:25 ,       1907.947, 250  ,            10  , 32  , 111  ,- 1.7392 , 9.0674 ,- 12.3288 ,- 17.7633 ,- 21.7677 ,- 38.9293 ,- 44.5184 ,- 48.5096 ,- 50.8209 ,- 52.0570 ,- 52.2904 ,- 50.2751 ,- 48.1677 ,- 44.8011 ,- 41.2307 ,- 122.9918 ,- 162.7135 ,- 145.1935 ,- 132.1710 ,- 115.1573 ,- 104.6433 ,- 93.9124 ,- 101.6022 ,- 96.6412 ,- 90.9798 ,- 81.1792 ,- 79.1606 ,- 64.0340 ,- 51.6987 ,- 41.7239 ,- 35.1913 , 21.8893 ,
03-13-2020 ,10:12:26 ,       1908.462, 250  ,            10  , 32  , 111  ,- 9.5507 , 9.9222 ,- 9.5112 ,- 15.3600 ,- 20.2849 ,- 36.8614 ,- 42.4439 ,- 46.9184 ,- 49.3710 ,- 50.4592 ,- 51.3863 ,- 49.7787 ,- 48.6641 ,- 45.5934 ,- 42.4636 ,- 125.9212 ,- 162.8121 ,- 146.2390 ,- 133.3382 ,- 114.8976 ,- 105.5869 ,- 94.4055 ,- 101.5003 ,- 97.7064 ,- 92.0450 ,- 82.3168 ,- 78.1283 ,- 64.0340 ,- 53.1518 ,- 42.0197 ,- 36.3781 , 22.3693 ,
03-13-2020 ,10:12:27 ,       1908.977, 250  ,            10  , 32  , 111  ,- 5.2011 , 8.1206 ,- 11.5956 ,- 16.8986 ,- 21.0773 ,- 38.7321 ,- 44.1239 ,- 48.4110 ,- 50.6269 ,- 51.8565 ,- 52.0899 ,- 50.2751 ,- 48.2663 ,- 45.1003 ,- 41.1354 ,- 124.6521 ,- 164.9721 ,- 148.0439 ,- 134.1173 ,- 119.5398 ,- 107.8554 ,- 96.4636 ,- 104.0844 ,- 99.3502 ,- 93.5935 ,- 83.4576 ,- 81.6954 ,- 65.9869 ,- 53.4247 ,- 44.0055 ,- 36.2795 , 21.3173 ,
03-13-2020 ,10:12:27 ,       1909.442, 250  ,            10  , 32  , 111  ,- 9.1562 , 10.9677 ,- 9.1956 ,- 15.5507 ,- 20.5808 ,- 37.2559 ,- 42.6411 ,- 47.2176 ,- 49.7589 ,- 51.1595 ,- 51.6888 ,- 49.8773 ,- 48.7628 ,- 45.4948 ,- 42.7496 ,- 128.2653 ,- 165.5606 ,- 148.2346 ,- 135.4817 ,- 118.2247 ,- 107.3820 ,- 95.2866 ,- 103.4894 ,- 99.3502 ,- 93.6921 ,- 83.6450 ,- 78.9732 ,- 65.1091 ,- 53.4247 ,- 42.3189 ,- 36.6773 , 20.7419 ,
03-13-2020 ,10:12:27 ,       1909.956, 250  ,            10  , 32  , 111  ,- 8.2652 , 10.3036 ,- 9.3008 ,- 15.4554 ,- 20.2849 ,- 37.6504 ,- 43.0389 ,- 47.6154 ,- 50.0482 ,- 51.4587 ,- 52.0899 ,- 50.1765 ,- 48.3650 ,- 45.2976 ,- 41.2307 ,- 128.0713 ,- 166.4417 ,- 148.8987 ,- 136.1623 ,- 120.4143 ,- 106.5305 ,- 95.7798 ,- 103.6866 ,- 98.9622 ,- 93.6921 ,- 82.7935 ,- 80.5677 ,- 65.0104 ,- 52.9710 ,- 43.8050 ,- 35.7830 , 21.1233 ,
03-13-2020 ,10:12:28 ,       1910.471, 250  ,            10  , 32  , 111  ,- 8.2652 , 8.7847 ,- 11.8060 ,- 17.2833 ,- 22.0669 ,- 39.2252 ,- 44.7156 ,- 48.6115 ,- 50.7255 ,- 52.0570 ,- 52.4910 ,- 50.4724 ,- 49.5584 ,- 46.0866 ,- 43.5091 ,- 128.3639 ,- 165.7546 ,- 148.0439 ,- 135.9683 ,- 118.1360 ,- 106.7212 ,- 95.2866 ,- 102.9929 ,- 98.9622 ,- 93.1102 ,- 83.8357 ,- 79.3480 ,- 65.0104 ,- 53.9704 ,- 42.6148 ,- 37.0718 , 20.2619 ,
03-13-2020 ,10:12:29 ,       1910.984, 250  ,            10  , 32  , 111  ,- 4.9052 , 9.9222 ,- 10.6586 ,- 16.5140 ,- 21.0773 ,- 38.5348 ,- 44.0252 ,- 48.4110 ,- 51.3041 ,- 52.5535 ,- 52.9907 ,- 50.9655 ,- 49.2592 ,- 45.7907 ,- 41.9902 ,- 128.4625 ,- 168.7990 ,- 150.5163 ,- 136.7475 ,- 120.7661 ,- 108.7036 ,- 97.1507 ,- 105.0806 ,- 99.7348 ,- 94.3694 ,- 83.2669 ,- 81.3206 ,- 65.3030 ,- 53.1518 ,- 43.3085 ,- 35.8850 , 22.6586 ,
03-13-2020 ,10:12:29 ,       1911.449, 250  ,            10  , 32  , 111  ,- 9.6493 , 10.3989 ,- 9.4060 ,- 15.7447 ,- 20.5808 ,- 37.2559 ,- 43.2362 ,- 47.6154 ,- 49.4663 ,- 51.0576 ,- 51.6888 ,- 49.5814 ,- 48.1677 ,- 44.7025 ,- 42.1808 ,- 131.5858 ,- 169.6801 ,- 151.1804 ,- 139.0850 ,- 123.8302 ,- 107.6647 ,- 97.1507 ,- 105.0806 ,- 101.5727 ,- 94.7573 ,- 85.0718 ,- 81.3206 ,- 66.3781 ,- 54.9732 ,- 44.3014 ,- 36.5754 , 20.8373 ,
03-13-2020 ,10:12:29 ,       1911.963, 250  ,            10  , 32  , 111  ,- 9.3534 , 8.9721 ,- 11.0762 ,- 16.8033 ,- 21.4718 ,- 39.5211 ,- 44.8143 ,- 49.2066 ,- 51.8861 ,- 53.2537 ,- 53.8948 ,- 51.8532 ,- 49.8543 ,- 46.9776 ,- 42.7496 ,- 129.1464 ,- 166.4417 ,- 148.9940 ,- 136.1623 ,- 117.6987 ,- 106.7212 ,- 96.0724 ,- 103.7886 ,- 98.2850 ,- 93.3995 ,- 82.5074 ,- 80.1929 ,- 65.0104 ,- 52.6981 ,- 43.2099 ,- 36.7759 , 23.4214 ,
03-13-2020 ,10:12:30 ,       1912.478, 250  ,            10  , 32  , 111  ,- 5.2997 , 8.6893 ,- 13.0586 ,- 18.2433 ,- 22.6586 ,- 39.5211 ,- 45.2088 ,- 49.4072 ,- 51.4028 ,- 52.8526 ,- 53.0926 ,- 51.3600 ,- 49.8543 ,- 46.6817 ,- 44.0811 ,- 127.8740 ,- 167.4247 ,- 149.7535 ,- 135.6757 ,- 118.7507 ,- 108.1381 ,- 95.9737 ,- 103.8872 ,- 100.4121 ,- 93.7874 ,- 84.3091 ,- 80.6631 ,- 66.6707 ,- 54.9732 ,- 44.0055 ,- 38.0647 , 21.4126 ,
03-13-2020 ,10:12:30 ,       1912.942, 250  ,            10  , 32  , 111  ,- 2.5315 , 9.9222 ,- 12.1184 ,- 17.8586 ,- 21.9649 ,- 39.5211 ,- 44.8143 ,- 48.9074 ,- 51.6921 ,- 53.0532 ,- 53.4937 ,- 51.4587 ,- 49.3578 ,- 46.2871 ,- 42.2762 ,- 127.0949 ,- 167.1289 ,- 149.2801 ,- 136.1623 ,- 120.3255 ,- 106.7212 ,- 96.1710 ,- 104.3836 ,- 98.8636 ,- 93.7874 ,- 82.6981 ,- 79.8181 ,- 64.5206 ,- 52.1524 ,- 42.0197 ,- 35.9836 , 22.3693 ,
03-13-2020 ,10:12:31 ,       1913.456, 250  ,            10  , 32  , 111  ,- 6.7825 , 9.3534 ,- 10.7606 ,- 16.6093 ,- 21.6691 ,- 38.1403 ,- 43.6307 ,- 47.9145 ,- 50.0482 ,- 51.3567 ,- 52.0899 ,- 49.6800 ,- 48.6641 ,- 45.2976 ,- 42.6543 ,- 125.3360 ,- 163.9891 ,- 146.9984 ,- 133.7261 ,- 119.3623 ,- 107.4773 ,- 95.4839 ,- 103.5880 ,- 100.0242 ,- 93.5935 ,- 84.4077 ,- 80.8505 ,- 66.4767 ,- 54.6082 ,- 43.6077 ,- 36.8745 , 21.3173 ,
03-13-2020 ,10:12:31 ,       1913.97, 250  ,             10  , 32  , 111  ,- 8.2652 , 8.2159 ,- 12.3288 ,- 17.4740 ,- 21.7677 ,- 39.3239 ,- 44.1239 ,- 48.4110 ,- 51.0148 ,- 52.4548 ,- 52.8921 ,- 50.8669 ,- 49.4598 ,- 45.8893 ,- 42.1808 ,- 126.7036 ,- 164.3837 ,- 146.7124 ,- 133.9234 ,- 116.0351 ,- 104.6433 ,- 94.1096 ,- 101.7009 ,- 96.4505 ,- 91.2691 ,- 80.5118 ,- 77.7535 ,- 62.4724 ,- 50.7880 ,- 41.1288 ,- 35.9836 , 22.1786 ,
03-13-2020 ,10:12:32 ,       1914.485, 250  ,            10  , 32  , 111  ,- 7.0784 , 12.0132 ,- 9.4060 ,- 16.2247 ,- 21.3732 ,- 37.9430 ,- 43.8280 ,- 48.0132 ,- 50.4362 ,- 51.5573 ,- 51.4882 ,- 49.4828 ,- 47.8685 ,- 44.8011 ,- 42.1808 ,- 131.1946 ,- 169.7787 ,- 152.6039 ,- 138.4012 ,- 119.1880 ,- 110.5020 ,- 97.5453 ,- 105.2779 ,- 101.5727 ,- 95.1420 ,- 85.4499 ,- 82.3529 ,- 67.1606 ,- 55.1540 ,- 44.5019 ,- 36.0822 , 20.4559 ,
03-13-2020 ,10:12:32 ,       1914.951, 250  ,            10  , 32  , 111  ,- 6.9797 , 9.4488 ,- 10.4482 ,- 16.2247 ,- 20.7814 ,- 37.7491 ,- 42.7397 ,- 47.1189 ,- 50.0482 ,- 51.1595 ,- 51.7907 ,- 49.9759 ,- 48.3650 ,- 45.1003 ,- 41.4181 ,- 125.9212 ,- 164.5776 ,- 147.7579 ,- 134.0187 ,- 119.0138 ,- 107.3820 ,- 96.0724 ,- 103.9858 ,- 98.5743 ,- 93.7874 ,- 83.1716 ,- 79.8181 ,- 64.2313 ,- 52.6093 ,- 42.5162 ,- 35.7830 , 21.5080 ,
03-13-2020 ,10:12:33 ,       1915.466, 250  ,            10  , 32  , 111  ,- 12.2203 , 11.4411 ,- 7.9430 ,- 14.8767 ,- 20.2849 ,- 37.0587 ,- 43.0389 ,- 47.2176 ,- 49.4663 ,- 50.6598 ,- 51.0872 ,- 49.4828 ,- 48.0691 ,- 44.5052 ,- 42.0855 ,- 132.1743 ,- 166.4417 ,- 148.2346 ,- 138.4012 ,- 123.3929 ,- 102.9403 ,- 93.7184 ,- 101.5003 ,- 98.0910 ,- 91.3677 ,- 82.1261 ,- 79.2526 ,- 64.9118 ,- 53.0630 ,- 43.1113 ,- 35.8850 , 22.3693 ,
03-13-2020 ,10:12:34 ,       1915.98, 250  ,             10  , 32  , 111  ,- 3.0247 , 9.0674 ,- 12.5359 ,- 17.9573 ,- 21.7677 ,- 39.3239 ,- 44.0252 ,- 48.5096 ,- 51.2088 ,- 52.3562 ,- 53.0926 ,- 51.0641 ,- 49.5584 ,- 46.5830 ,- 42.7496 ,- 124.5535 ,- 163.7952 ,- 146.4264 ,- 132.9502 ,- 117.4357 ,- 106.0603 ,- 94.7968 ,- 102.6938 ,- 97.7064 ,- 93.0148 ,- 82.0340 ,- 78.4110 ,- 63.1562 ,- 51.9715 ,- 41.9211 ,- 36.3781 , 21.2186 ,
03-13-2020 ,10:12:34 ,       1916.495, 250  ,            10  , 32  , 111  ,- 3.9156 , 8.4986 ,- 12.4307 ,- 17.5693 ,- 21.6691 ,- 37.9430 ,- 43.7293 ,- 47.6154 ,- 49.4663 ,- 50.8603 ,- 51.0872 ,- 49.5814 ,- 47.4740 ,- 44.3080 ,- 41.6088 ,- 122.8932 ,- 162.7135 ,- 145.2888 ,- 131.0992 ,- 115.6833 ,- 106.8165 ,- 94.2083 ,- 101.9968 ,- 98.0910 ,- 91.6570 ,- 82.7935 ,- 79.7228 ,- 65.2044 ,- 53.0630 ,- 43.0126 ,- 35.9836 , 20.9326 ,
03-13-2020 ,10:12:34 ,       1916.96, 250  ,             10  , 32  , 111  ,- 8.2652 , 10.3036 ,- 9.6132 ,- 15.8400 ,- 20.6795 ,- 37.3545 ,- 42.9403 ,- 47.0203 ,- 50.0482 ,- 51.3567 ,- 52.3891 ,- 50.7682 ,- 49.3578 ,- 45.9880 ,- 42.3682 ,- 127.8740 ,- 164.8735 ,- 147.3798 ,- 134.5053 ,- 117.7875 ,- 105.3042 ,- 94.6981 ,- 102.4965 ,- 97.2231 ,- 92.5283 ,- 81.6526 ,- 78.1283 ,- 63.5474 ,- 52.3365 ,- 41.7239 ,- 35.3885 , 22.6586 ,
03-13-2020 ,10:12:35 ,       1917.475, 250  ,            10  , 32  , 111  ,- 3.7184 , 8.5940 ,- 12.5359 ,- 17.8586 ,- 22.0669 ,- 38.6334 ,- 44.5184 ,- 48.6115 ,- 50.1436 ,- 51.5573 ,- 51.6888 ,- 49.6800 ,- 47.8685 ,- 44.9030 ,- 41.8948 ,- 124.6521 ,- 163.7952 ,- 146.3310 ,- 132.8516 ,- 116.9984 ,- 105.0181 ,- 93.8170 ,- 101.2044 ,- 97.4170 ,- 91.0784 ,- 81.6526 ,- 79.0652 ,- 64.6225 ,- 52.4252 ,- 42.3189 ,- 36.0822 , 21.2186 ,
03-13-2020 ,10:12:36 ,       1917.99, 250  ,             10  , 32  , 111  ,- 9.4521 , 8.2159 ,- 10.7606 ,- 16.4154 ,- 20.8800 ,- 38.0417 ,- 43.6307 ,- 47.8159 ,- 50.7255 ,- 52.1556 ,- 52.6915 ,- 51.2614 ,- 49.9562 ,- 46.7803 ,- 43.2230 ,- 127.7787 ,- 166.4417 ,- 148.8034 ,- 135.7743 ,- 118.2247 ,- 108.0428 ,- 96.2696 ,- 103.7886 ,- 99.1562 ,- 93.7874 ,- 82.9809 ,- 78.8779 ,- 63.6428 ,- 52.4252 ,- 42.7134 ,- 36.3781 , 21.1233 ,
03-13-2020 ,10:12:36 ,       1918.455, 250  ,            10  , 32  , 111  ,- 12.2203 , 9.6395 ,- 10.1359 ,- 16.5140 ,- 21.2745 ,- 38.3376 ,- 44.2225 ,- 48.3124 ,- 50.4362 ,- 51.8565 ,- 51.9880 ,- 50.2751 ,- 48.3650 ,- 45.1003 ,- 41.7995 ,- 133.4434 ,- 169.3875 ,- 151.0850 ,- 139.6702 ,- 120.0625 ,- 106.7212 ,- 95.1880 ,- 102.7924 ,- 98.7683 ,- 92.5283 ,- 82.9809 ,- 80.6631 ,- 65.5956 ,- 53.3359 ,- 44.1041 ,- 36.2795 , 22.1786 ,
03-13-2020 ,10:12:36 ,       1918.97, 250  ,             10  , 32  , 111  ,- 3.1266 , 8.5940 ,- 13.1606 ,- 18.0526 ,- 22.2641 ,- 39.3239 ,- 44.4198 ,- 48.4110 ,- 50.8209 ,- 52.0570 ,- 52.7902 ,- 50.6663 ,- 49.2592 ,- 45.7907 ,- 42.7496 ,- 122.6992 ,- 162.3223 ,- 145.4762 ,- 132.0724 ,- 117.5244 ,- 107.0039 ,- 95.5825 ,- 103.3907 ,- 98.9622 ,- 93.4981 ,- 83.1716 ,- 79.3480 ,- 64.7178 ,- 53.3359 ,- 42.5162 ,- 36.1808 , 21.0280 ,
03-13-2020 ,10:12:37 ,       1919.485, 250  ,            10  , 32  , 111  ,- 5.8948 , 10.3036 ,- 10.0307 ,- 16.4154 ,- 21.2745 ,- 38.1403 ,- 44.0252 ,- 48.5096 ,- 50.7255 ,- 51.8565 ,- 52.2904 ,- 50.4724 ,- 48.6641 ,- 45.0017 ,- 41.6088 ,- 127.2888 ,- 166.5404 ,- 148.9940 ,- 135.3831 ,- 120.3255 ,- 106.5305 ,- 95.6811 ,- 104.2850 ,- 99.6395 ,- 93.0148 ,- 83.6450 ,- 81.1299 ,- 66.1841 ,- 53.1518 ,- 43.1113 ,- 36.4767 , 20.4559 ,
03-13-2020 ,10:12:38 ,       1920.0, 250  ,              10  , 32  , 111  ,- 10.6389 , 7.4564 ,- 12.0132 ,- 17.1847 ,- 21.9649 ,- 38.4362 ,- 43.8280 ,- 47.8159 ,- 50.1436 ,- 51.2581 ,- 52.0899 ,- 50.2751 ,- 49.5584 ,- 46.1885 ,- 43.2230 ,- 126.9962 ,- 163.6965 ,- 146.8078 ,- 133.7261 ,- 114.5458 ,- 104.5480 ,- 93.9124 ,- 101.3031 ,- 96.8351 ,- 91.4631 ,- 81.5573 ,- 77.2833 ,- 63.0576 ,- 52.6981 ,- 42.0197 ,- 36.0822 , 22.2740 ,
03-13-2020 ,10:12:38 ,       1920.465, 250  ,            10  , 32  , 111  ,- 10.8362 , 11.1584 ,- 8.9885 ,- 15.6460 ,- 21.0773 ,- 38.8307 ,- 44.5184 ,- 49.1080 ,- 51.4028 ,- 53.0532 ,- 53.1913 ,- 51.2614 ,- 49.1606 ,- 45.7907 ,- 41.7995 ,- 132.9535 ,- 168.8943 ,- 151.4631 ,- 140.5447 ,- 119.6253 ,- 106.5305 ,- 95.5825 ,- 103.4894 ,- 98.9622 ,- 92.9162 ,- 82.6981 ,- 80.6631 ,- 65.4017 ,- 53.1518 ,- 44.3014 ,- 36.3781 , 21.4126 ,
03-13-2020 ,10:12:39 ,       1920.98, 250  ,             10  , 32  , 111  ,- 5.1025 , 8.4986 ,- 11.9112 ,- 17.0893 ,- 21.6691 ,- 38.2389 ,- 43.3348 ,- 47.6154 ,- 50.2422 ,- 51.4587 ,- 52.4910 ,- 50.1765 ,- 49.4598 ,- 46.0866 ,- 43.4137 ,- 123.3831 ,- 162.1250 ,- 145.3842 ,- 131.8751 ,- 116.2094 ,- 105.7743 ,- 94.2083 ,- 101.7009 ,- 97.9003 ,- 92.3343 ,- 82.1261 ,- 77.7535 ,- 63.4488 ,- 52.3365 ,- 41.5266 ,- 36.1808 , 21.6986 ,
03-13-2020 ,10:12:39 ,       1921.495, 250  ,            10  , 32  , 111  ,- 2.5315 , 9.3534 ,- 11.3885 ,- 16.8986 ,- 20.8800 ,- 38.2389 ,- 43.7293 ,- 48.0132 ,- 49.9496 ,- 51.7578 ,- 51.9880 ,- 49.9759 ,- 47.9671 ,- 44.3080 ,- 41.0400 ,- 125.1420 ,- 165.3634 ,- 148.1393 ,- 134.1173 ,- 119.7140 ,- 107.3820 ,- 95.8751 ,- 103.7886 ,- 99.0609 ,- 93.2055 ,- 83.0762 ,- 81.3206 ,- 65.7929 ,- 53.1518 ,- 43.5091 ,- 35.6844 , 21.4126 ,
03-13-2020 ,10:12:40 ,       1922.01, 250  ,             10  , 32  , 111  ,- 5.1025 , 10.5896 ,- 9.8236 ,- 15.7447 ,- 20.3836 ,- 36.6641 ,- 42.1513 ,- 46.2247 ,- 48.8844 ,- 50.2619 ,- 50.9885 ,- 49.3841 ,- 48.3650 ,- 45.1989 ,- 42.1808 ,- 126.9962 ,- 166.2478 ,- 148.2346 ,- 135.1891 ,- 116.8242 ,- 106.6258 ,- 95.3853 ,- 102.9929 ,- 98.6729 ,- 92.6269 ,- 82.7935 ,- 78.2236 ,- 63.7414 ,- 51.8795 ,- 40.8296 ,- 35.7830 , 21.4126 ,
03-13-2020 ,10:12:40 ,       1922.475, 250  ,            10  , 32  , 111  ,- 12.0230 , 9.9222 ,- 9.7184 ,- 15.9386 ,- 20.9786 ,- 38.7321 ,- 44.1239 ,- 48.4110 ,- 50.8209 ,- 52.2543 ,- 52.5896 ,- 50.7682 ,- 48.5655 ,- 45.2976 ,- 41.5167 ,- 133.7360 ,- 168.9930 ,- 151.7491 ,- 139.9595 ,- 119.0992 ,- 107.8554 ,- 95.7798 ,- 103.6866 ,- 99.2516 ,- 93.6921 ,- 83.1716 ,- 80.7584 ,- 65.5956 ,- 53.1518 ,- 44.3014 ,- 35.7830 , 22.1786 ,
03-13-2020 ,10:12:41 ,       1922.99, 250  ,             10  , 32  , 111  ,- 9.2548 , 9.9222 ,- 9.9255 ,- 15.9386 ,- 20.8800 ,- 37.3545 ,- 43.1376 ,- 47.1189 ,- 49.5617 ,- 50.7584 ,- 51.1891 ,- 49.1869 ,- 48.2663 ,- 44.9030 ,- 42.5589 ,- 128.8538 ,- 165.0708 ,- 147.0938 ,- 135.9683 ,- 118.2247 ,- 103.7918 ,- 93.8170 ,- 101.4017 ,- 97.2231 ,- 91.4631 ,- 82.1261 ,- 77.3754 ,- 63.4488 ,- 52.4252 ,- 41.2274 ,- 36.0822 , 21.9847 ,
03-13-2020 ,10:12:41 ,       1923.504, 250  ,            10  , 32  , 111  ,- 12.4175 , 11.6318 ,- 8.1534 ,- 15.1660 ,- 20.7814 ,- 38.2389 ,- 44.1239 ,- 48.5096 ,- 51.1135 ,- 52.6554 ,- 53.2932 ,- 51.1628 ,- 49.3578 ,- 46.2871 ,- 42.5589 ,- 134.9097 ,- 169.6801 ,- 150.8943 ,- 141.3239 ,- 119.1880 ,- 104.8307 ,- 95.4839 ,- 103.0916 ,- 97.9957 ,- 92.7222 ,- 82.0340 ,- 79.9102 ,- 63.9387 ,- 51.8795 ,- 42.1184 ,- 35.4871 , 22.0833 ,
03-13-2020 ,10:12:41 ,       1923.969, 250  ,            10  , 32  , 111  ,- 11.8258 , 10.8723 ,- 9.0937 ,- 15.6460 ,- 20.9786 ,- 37.2559 ,- 43.2362 ,- 47.6154 ,- 49.9496 ,- 50.9589 ,- 51.6888 ,- 50.0778 ,- 48.8647 ,- 45.5934 ,- 43.2230 ,- 131.5858 ,- 167.0302 ,- 149.5628 ,- 138.0132 ,- 117.1727 ,- 105.9650 ,- 94.9940 ,- 102.6938 ,- 98.7683 ,- 92.7222 ,- 83.0762 ,- 79.3480 ,- 65.5956 ,- 53.8817 ,- 42.3189 ,- 36.4767 , 21.6033 ,
03-13-2020 ,10:12:42 ,       1924.484, 250  ,            10  , 32  , 111  ,- 6.7825 , 9.5441 ,- 11.3885 ,- 17.0893 ,- 21.4718 ,- 39.4225 ,- 44.5184 ,- 49.0093 ,- 51.6921 ,- 53.1518 ,- 53.2932 ,- 51.2614 ,- 49.2592 ,- 46.0866 ,- 41.4181 ,- 126.4110 ,- 164.0878 ,- 146.3310 ,- 134.6039 ,- 119.5398 ,- 104.7354 ,- 94.4055 ,- 102.3946 ,- 97.4170 ,- 92.2390 ,- 81.7480 ,- 79.3480 ,- 64.3266 ,- 51.7907 ,- 43.1113 ,- 35.5858 , 21.5080 ,
03-13-2020 ,10:12:43 ,       1924.999, 250  ,            10  , 32  , 111  ,- 16.8658 , 10.8723 ,- 7.6307 ,- 14.7814 ,- 21.0773 ,- 37.2559 ,- 43.6307 ,- 47.6154 ,- 49.8543 ,- 51.4587 ,- 51.6888 ,- 49.8773 ,- 48.7628 ,- 45.5934 ,- 43.5091 ,- 133.4434 ,- 165.8532 ,- 148.4220 ,- 139.0850 ,- 111.9190 ,- 103.9792 ,- 93.1299 ,- 100.2083 ,- 96.6412 ,- 90.5918 ,- 81.2746 ,- 77.2833 ,- 63.2515 ,- 52.1524 ,- 41.5266 ,- 36.5754 , 19.4992 ,
03-13-2020 ,10:12:43 ,       1925.514, 250  ,            10  , 32  , 111  ,- 9.1562 , 11.6318 ,- 8.1534 ,- 14.8767 ,- 20.1863 ,- 37.3545 ,- 42.3485 ,- 47.3195 ,- 49.7589 ,- 51.1595 ,- 51.5902 ,- 49.7787 ,- 47.5726 ,- 44.4066 ,- 40.2806 ,- 130.4154 ,- 166.8363 ,- 148.6127 ,- 138.0132 ,- 122.2554 ,- 104.8307 ,- 95.3853 ,- 103.3907 ,- 97.7064 ,- 92.8176 ,- 81.9387 ,- 79.3480 ,- 63.9387 ,- 51.7907 ,- 42.4176 ,- 35.0926 , 23.5200 ,
03-13-2020 ,10:12:44 ,       1925.979, 250  ,            10  , 32  , 111  ,- 12.4175 , 10.1129 ,- 9.3008 ,- 15.5507 ,- 20.9786 ,- 37.4499 ,- 43.4302 ,- 47.5167 ,- 49.5617 ,- 50.8603 ,- 50.8866 ,- 49.4828 ,- 47.7699 ,- 44.4066 ,- 41.7995 ,- 129.3403 ,- 164.7749 ,- 148.2346 ,- 136.2609 ,- 115.5091 ,- 106.0603 ,- 94.7968 ,- 102.3946 ,- 98.6729 ,- 92.2390 ,- 83.5496 ,- 79.2526 ,- 65.7929 ,- 53.6976 ,- 42.9140 ,- 35.5858 , 20.2619 ,
03-13-2020 ,10:12:44 ,       1926.494, 250  ,            10  , 32  , 111  ,- 11.1353 , 11.4411 ,- 7.8411 ,- 14.4921 ,- 19.7918 ,- 36.6641 ,- 41.8521 ,- 46.6225 ,- 49.3710 ,- 50.7584 ,- 51.2877 ,- 49.1869 ,- 47.8685 ,- 44.5052 ,- 40.6587 ,- 130.8034 ,- 166.3431 ,- 147.9486 ,- 137.3294 ,- 122.5184 ,- 103.3184 ,- 94.4055 ,- 102.0954 ,- 96.4505 ,- 91.6570 ,- 80.7979 ,- 78.0329 ,- 62.9589 ,- 51.2450 ,- 41.6252 ,- 35.4871 , 22.6586 ,
03-13-2020 ,10:12:45 ,       1927.009, 250  ,            10  , 32  , 111  ,- 10.9348 , 11.9178 ,- 7.1112 ,- 13.9167 ,- 20.0877 ,- 35.6778 ,- 41.7534 ,- 45.9255 ,- 48.0165 ,- 49.5617 ,- 50.2850 ,- 48.2992 ,- 47.3721 ,- 44.1107 ,- 41.7041 ,- 130.5140 ,- 166.3431 ,- 148.7080 ,- 137.0401 ,- 119.2768 ,- 104.6433 ,- 93.9124 ,- 101.6022 ,- 97.9003 ,- 91.3677 ,- 82.4121 ,- 78.8779 ,- 64.1326 ,- 52.6981 ,- 42.2203 ,- 35.6844 , 21.7940 ,
03-13-2020 ,10:12:45 ,       1927.524, 250  ,            10  , 32  , 111  ,- 7.8707 , 8.7847 ,- 9.6132 ,- 16.0340 ,- 20.6795 ,- 37.5485 ,- 42.6411 ,- 47.1189 ,- 50.0482 ,- 51.3567 ,- 51.8893 ,- 50.0778 ,- 48.8647 ,- 45.6921 ,- 42.1808 ,- 124.8461 ,- 162.7135 ,- 145.6669 ,- 133.2395 ,- 116.4724 ,- 105.3042 ,- 94.5995 ,- 102.2959 ,- 97.3184 ,- 92.2390 ,- 81.4620 ,- 78.5031 ,- 62.9589 ,- 51.1529 ,- 40.9315 ,- 35.5858 , 21.7940 ,
03-13-2020 ,10:12:46 ,       1927.989, 250  ,            10  , 32  , 111  ,- 9.4521 , 12.6773 ,- 7.4236 ,- 14.4921 ,- 19.9891 ,- 36.3682 ,- 42.4439 ,- 46.7211 ,- 48.7891 ,- 50.2619 ,- 50.6861 ,- 48.9896 ,- 47.2734 ,- 44.1107 ,- 41.4181 ,- 133.1508 ,- 169.3875 ,- 150.8943 ,- 140.2554 ,- 125.1453 ,- 105.6823 ,- 95.3853 ,- 103.0916 ,- 99.3502 ,- 92.6269 ,- 83.2669 ,- 80.0055 ,- 65.3030 ,- 53.1518 ,- 42.4176 ,- 35.4871 , 21.3173 ,
03-13-2020 ,10:12:46 ,       1928.504, 250  ,            10  , 32  , 111  ,- 16.1754 , 10.3036 ,- 8.5710 ,- 14.9754 ,- 20.5808 ,- 37.9430 ,- 43.2362 ,- 47.9145 ,- 50.8209 ,- 51.9551 ,- 52.8921 ,- 51.1628 ,- 49.5584 ,- 46.2871 ,- 42.9403 ,- 131.9771 ,- 165.2647 ,- 147.6626 ,- 138.3058 ,- 117.9617 ,- 104.8307 ,- 95.0927 ,- 103.0916 ,- 97.3184 ,- 93.2055 ,- 82.4121 ,- 79.1606 ,- 63.9387 ,- 52.4252 ,- 41.8225 ,- 36.4767 , 21.9847 ,
03-13-2020 ,10:12:47 ,       1929.019, 250  ,            10  , 32  , 111  ,- 11.2340 , 10.4943 ,- 9.4060 ,- 15.5507 ,- 21.2745 ,- 37.8477 ,- 43.5321 ,- 48.0132 ,- 50.0482 ,- 51.3567 ,- 51.5902 ,- 49.6800 ,- 47.9671 ,- 44.6039 ,- 42.0855 ,- 130.5140 ,- 165.9519 ,- 147.8532 ,- 136.5535 ,- 118.0505 ,- 104.0746 ,- 93.1299 ,- 100.4088 ,- 96.8351 ,- 90.0099 ,- 80.8932 ,- 78.0329 ,- 63.5474 ,- 51.9715 ,- 42.2203 ,- 35.6844 , 21.0280 ,
03-13-2020 ,10:12:47 ,       1929.484, 250  ,            10  , 32  , 111  ,- 9.2548 , 7.4564 ,- 12.5359 ,- 17.2833 ,- 21.6691 ,- 38.8307 ,- 43.7293 ,- 47.9145 ,- 50.6269 ,- 51.9551 ,- 52.3891 ,- 50.5677 ,- 49.6570 ,- 46.4844 ,- 43.3184 ,- 124.9447 ,- 160.7508 ,- 143.5760 ,- 131.4872 ,- 112.5305 ,- 102.5622 ,- 92.1502 ,- 99.6132 ,- 94.4187 ,- 90.0099 ,- 79.1836 ,- 75.6888 ,- 61.3973 ,- 50.4263 ,- 40.8296 ,- 36.2795 , 20.4559 ,
03-13-2020 ,10:12:48 ,       1929.999, 250  ,            10  , 32  , 111  ,- 9.9485 , 10.2082 ,- 8.9885 ,- 15.7447 ,- 20.7814 ,- 37.2559 ,- 43.2362 ,- 47.4181 ,- 49.5617 ,- 51.1595 ,- 51.2877 ,- 49.4828 ,- 47.7699 ,- 44.6039 ,- 42.1808 ,- 128.5579 ,- 165.4620 ,- 148.2346 ,- 136.4549 ,- 118.7507 ,- 106.2477 ,- 95.2866 ,- 102.5951 ,- 99.3502 ,- 92.4329 ,- 83.2669 ,- 80.2883 ,- 65.5956 ,- 53.6976 ,- 43.4104 ,- 36.0822 , 21.8893 ,
03-13-2020 ,10:12:48 ,       1930.514, 250  ,            10  , 32  , 111  ,- 6.7825 , 10.3989 ,- 9.5112 ,- 15.7447 ,- 20.2849 ,- 37.4499 ,- 42.9403 ,- 47.1189 ,- 49.9496 ,- 51.5573 ,- 52.1918 ,- 50.3737 ,- 49.2592 ,- 46.1885 ,- 43.0356 ,- 127.8740 ,- 166.3431 ,- 149.1847 ,- 136.1623 ,- 117.5244 ,- 106.4351 ,- 95.5825 ,- 103.5880 ,- 98.0910 ,- 93.1102 ,- 82.1261 ,- 78.1283 ,- 62.9589 ,- 51.6066 ,- 41.1288 ,- 35.7830 , 22.9447 ,
03-13-2020 ,10:12:49 ,       1931.029, 250  ,            10  , 32  , 111  ,- 9.9485 , 12.6773 ,- 6.3781 ,- 13.9167 ,- 20.0877 ,- 36.2696 ,- 42.5425 ,- 47.1189 ,- 49.1770 ,- 50.9589 ,- 51.3863 ,- 49.2855 ,- 47.7699 ,- 44.6039 ,- 41.7041 ,- 131.0992 ,- 167.9146 ,- 149.2801 ,- 138.1119 ,- 119.0138 ,- 105.3962 ,- 94.9940 ,- 102.3946 ,- 98.4790 ,- 91.8510 ,- 82.5074 ,- 79.8181 ,- 64.7178 ,- 51.9715 ,- 41.8225 ,- 35.2899 , 21.7940 ,
03-13-2020 ,10:12:49 ,       1931.494, 250  ,            10  , 32  , 111  ,- 8.6630 , 9.3534 ,- 10.6586 ,- 16.1293 ,- 20.7814 ,- 37.9430 ,- 43.2362 ,- 47.8159 ,- 50.3376 ,- 51.6559 ,- 52.4910 ,- 50.6663 ,- 49.9562 ,- 46.2871 ,- 43.3184 ,- 128.5579 ,- 166.6390 ,- 148.5206 ,- 136.0636 ,- 118.5765 ,- 105.5869 ,- 94.6981 ,- 101.9968 ,- 97.3184 ,- 91.9496 ,- 81.3666 ,- 77.1880 ,- 62.3737 ,- 51.5178 ,- 41.1288 ,- 36.1808 , 21.3173 ,
03-13-2020 ,10:12:50 ,       1932.009, 250  ,            10  , 32  , 111  ,- 10.6389 , 10.3989 ,- 8.6729 ,- 15.1660 ,- 20.4822 ,- 37.2559 ,- 43.1376 ,- 47.6154 ,- 49.8543 ,- 51.4587 ,- 51.7907 ,- 49.5814 ,- 47.9671 ,- 44.9030 ,- 41.6088 ,- 128.7551 ,- 165.3634 ,- 147.9486 ,- 136.2609 ,- 117.1727 ,- 105.6823 ,- 94.6981 ,- 102.4965 ,- 98.4790 ,- 92.2390 ,- 82.5074 ,- 80.0055 ,- 65.1091 ,- 52.6093 ,- 43.0126 ,- 35.8850 , 21.2186 ,
03-13-2020 ,10:12:50 ,       1932.524, 250  ,            10  , 32  , 111  ,- 9.5507 , 10.4943 ,- 9.8236 ,- 16.1293 ,- 21.1759 ,- 37.8477 ,- 43.2362 ,- 47.6154 ,- 50.3376 ,- 51.1595 ,- 52.2904 ,- 50.3737 ,- 49.1606 ,- 45.9880 ,- 43.5091 ,- 129.1464 ,- 164.2850 ,- 146.7124 ,- 136.3562 ,- 118.2247 ,- 104.3573 ,- 93.6198 ,- 101.7009 ,- 96.6412 ,- 91.8510 ,- 81.4620 ,- 77.1880 ,- 63.2515 ,- 52.0603 ,- 41.6252 ,- 36.3781 , 21.9847 ,
03-13-2020 ,10:12:51 ,       1933.039, 250  ,            10  , 32  , 111  ,- 7.4762 , 10.0175 ,- 10.4482 ,- 16.6093 ,- 20.9786 ,- 38.3376 ,- 43.7293 ,- 47.8159 ,- 50.3376 ,- 51.6559 ,- 51.9880 ,- 50.0778 ,- 47.9671 ,- 44.9030 ,- 41.3228 ,- 128.8538 ,- 165.9519 ,- 148.4220 ,- 136.0636 ,- 118.8362 ,- 105.8696 ,- 95.4839 ,- 103.0916 ,- 98.8636 ,- 92.6269 ,- 82.8855 ,- 80.2883 ,- 65.2044 ,- 52.8789 ,- 43.4104 ,- 35.3885 , 22.5600 ,
03-13-2020 ,10:12:51 ,       1933.504, 250  ,            10  , 32  , 111  ,- 19.8345 , 11.5364 ,- 6.7956 ,- 14.0121 ,- 20.6795 ,- 37.9430 ,- 43.9266 ,- 48.5096 ,- 51.5967 ,- 53.0532 ,- 53.9935 ,- 52.2477 ,- 51.4455 ,- 47.9671 ,- 45.1233 ,- 135.4949 ,- 168.1119 ,- 149.8488 ,- 139.5716 ,- 113.5825 ,- 105.5869 ,- 94.9940 ,- 102.2959 ,- 97.7064 ,- 92.4329 ,- 82.2214 ,- 77.9409 ,- 63.1562 ,- 52.5173 ,- 42.0197 ,- 36.9732 , 20.7419 ,
03-13-2020 ,10:12:52 ,       1934.019, 250  ,            10  , 32  , 111  ,- 1.6405 , 8.5940 ,- 13.3710 ,- 18.4340 ,- 22.0669 ,- 39.8170 ,- 45.1102 ,- 49.4072 ,- 51.4981 ,- 52.8526 ,- 53.1913 ,- 51.0641 ,- 49.1606 ,- 46.1885 ,- 42.7496 ,- 124.6521 ,- 165.8532 ,- 148.2346 ,- 134.5053 ,- 118.5765 ,- 107.6647 ,- 96.0724 ,- 103.8872 ,- 99.4455 ,- 93.5935 ,- 83.2669 ,- 81.4126 ,- 65.8883 ,- 53.2439 ,- 43.0126 ,- 36.1808 , 21.7940 ,
03-13-2020 ,10:12:52 ,       1934.534, 250  ,            10  , 32  , 111  ,- 3.3238 , 7.5485 ,- 13.7885 ,- 18.1480 ,- 22.1655 ,- 39.1266 ,- 44.3211 ,- 48.3124 ,- 51.0148 ,- 52.1556 ,- 52.7902 ,- 50.9655 ,- 49.9562 ,- 46.7803 ,- 44.0811 ,- 123.9683 ,- 164.4790 ,- 147.9486 ,- 134.1173 ,- 119.0992 ,- 108.8943 ,- 96.8581 ,- 104.9787 ,- 100.7968 ,- 95.0466 ,- 84.9732 ,- 80.2883 ,- 66.0855 ,- 54.9732 ,- 44.1041 ,- 36.6773 , 22.4647 ,
03-13-2020 ,10:12:53 ,       1934.999, 250  ,            10  , 32  , 111  ,- 5.3984 , 8.7847 ,- 12.2236 ,- 17.4740 ,- 21.9649 ,- 39.4225 ,- 45.0115 ,- 49.2066 ,- 51.4028 ,- 53.0532 ,- 53.3918 ,- 51.1628 ,- 48.8647 ,- 45.8893 ,- 42.1808 ,- 126.4110 ,- 165.5606 ,- 148.0439 ,- 135.5771 ,- 121.1146 ,- 107.4773 ,- 96.3683 ,- 104.0844 ,- 99.5409 ,- 93.8861 ,- 83.8357 ,- 81.5080 ,- 66.1841 ,- 54.0625 ,- 44.2028 ,- 35.8850 , 23.4214 ,
03-13-2020 ,10:12:53 ,       1935.514, 250  ,            10  , 32  , 111  ,- 10.2444 , 10.5896 ,- 9.8236 ,- 16.2247 ,- 21.4718 ,- 38.2389 ,- 44.4198 ,- 48.5096 ,- 51.1135 ,- 52.4548 ,- 53.3918 ,- 51.4587 ,- 50.2554 ,- 46.8789 ,- 44.5545 ,- 133.3447 ,- 170.6598 ,- 152.6039 ,- 138.3058 ,- 118.2247 ,- 108.4209 ,- 96.3683 ,- 103.7886 ,- 99.3502 ,- 94.1754 ,- 84.0263 ,- 79.4433 ,- 65.2044 ,- 54.1545 ,- 42.9140 ,- 37.5682 , 21.3173 ,
03-13-2020 ,10:12:54 ,       1936.028, 250  ,            10  , 32  , 111  ,- 11.6285 , 10.9677 ,- 8.3606 ,- 14.9754 ,- 20.7814 ,- 38.6334 ,- 44.2225 ,- 48.6115 ,- 51.4981 ,- 52.8526 ,- 53.4937 ,- 51.6559 ,- 49.7556 ,- 46.3858 ,- 42.4636 ,- 133.7360 ,- 170.7585 ,- 152.2258 ,- 140.5447 ,- 123.5672 ,- 107.7601 ,- 97.0554 ,- 104.9787 ,- 99.9288 ,- 94.2740 ,- 83.9310 ,- 81.6954 ,- 65.8883 ,- 53.1518 ,- 43.5091 ,- 36.4767 , 21.3173 ,
03-13-2020 ,10:12:54 ,       1936.543, 250  ,            10  , 32  , 111  ,- 9.9485 , 10.8723 ,- 10.2411 ,- 16.7080 ,- 21.7677 ,- 38.9293 ,- 44.7156 ,- 49.0093 ,- 51.2088 ,- 52.4548 ,- 53.0926 ,- 51.0641 ,- 49.9562 ,- 46.5830 ,- 43.9858 ,- 131.1946 ,- 167.3261 ,- 149.1847 ,- 138.3058 ,- 119.1880 ,- 104.5480 ,- 94.8954 ,- 102.4965 ,- 98.4790 ,- 93.0148 ,- 83.0762 ,- 78.5984 ,- 64.3266 ,- 53.4247 ,- 42.7134 ,- 37.2691 , 19.7852 ,
03-13-2020 ,10:12:55 ,       1937.008, 250  ,            10  , 32  , 111  ,- 7.0784 , 7.1704 ,- 13.1606 ,- 18.0526 ,- 22.0669 ,- 40.1129 ,- 45.3074 ,- 49.8050 ,- 52.1754 ,- 53.4510 ,- 54.1940 ,- 52.2477 ,- 49.8543 ,- 47.0762 ,- 43.1310 ,- 124.3595 ,- 163.2034 ,- 146.8078 ,- 133.8247 ,- 116.9984 ,- 107.1946 ,- 96.1710 ,- 103.9858 ,- 98.8636 ,- 93.5935 ,- 83.0762 ,- 80.7584 ,- 65.5003 ,- 52.8789 ,- 42.6148 ,- 36.2795 , 22.5600 ,
03-13-2020 ,10:12:55 ,       1937.523, 250  ,            10  , 32  , 111  ,- 6.6838 , 7.9299 ,- 11.8060 ,- 16.8986 ,- 21.3732 ,- 37.4499 ,- 43.1376 ,- 47.0203 ,- 49.1770 ,- 50.7584 ,- 51.1891 ,- 49.2855 ,- 48.3650 ,- 45.1989 ,- 42.6543 ,- 124.6521 ,- 162.9108 ,- 145.9530 ,- 133.7261 ,- 117.6987 ,- 106.3431 ,- 94.5042 ,- 102.0954 ,- 98.5743 ,- 92.4329 ,- 83.1716 ,- 78.5984 ,- 64.8165 ,- 53.3359 ,- 41.7239 ,- 36.3781 , 20.6466 ,
03-13-2020 ,10:12:56 ,       1938.038, 250  ,            10  , 32  , 111  ,- 12.6148 , 8.4033 ,- 9.8236 ,- 15.4554 ,- 20.2849 ,- 37.8477 ,- 43.0389 ,- 47.6154 ,- 50.3376 ,- 52.0570 ,- 52.5896 ,- 50.8669 ,- 49.1606 ,- 46.2871 ,- 42.3682 ,- 126.4110 ,- 162.8121 ,- 145.9530 ,- 133.2395 ,- 115.5091 ,- 104.8307 ,- 93.8170 ,- 101.5003 ,- 95.8685 ,- 90.9798 ,- 80.1337 ,- 77.8455 ,- 62.3737 ,- 50.3343 ,- 40.9315 ,- 35.4871 , 21.7940 ,
03-13-2020 ,10:12:56 ,       1938.553, 250  ,            10  , 32  , 111  ,- 14.8899 , 11.2537 ,- 7.6307 ,- 14.3967 ,- 20.2849 ,- 37.0587 ,- 43.4302 ,- 47.8159 ,- 50.0482 ,- 51.5573 ,- 51.9880 ,- 50.4724 ,- 49.3578 ,- 46.1885 ,- 43.8904 ,- 135.8828 ,- 170.9557 ,- 152.3212 ,- 141.7151 ,- 118.5765 ,- 107.1946 ,- 95.9737 ,- 103.8872 ,- 99.9288 ,- 93.3995 ,- 84.2170 ,- 79.9102 ,- 65.4017 ,- 53.5167 ,- 42.4176 ,- 36.4767 , 21.3173 ,
03-13-2020 ,10:12:57 ,       1939.018, 250  ,            10  , 32  , 111  ,- 10.2444 , 9.8301 ,- 9.9255 ,- 15.9386 ,- 21.0773 ,- 38.5348 ,- 43.8280 ,- 48.3124 ,- 51.2088 ,- 52.4548 ,- 52.9907 ,- 50.9655 ,- 49.4598 ,- 46.1885 ,- 42.3682 ,- 125.8258 ,- 162.3223 ,- 145.7623 ,- 133.0455 ,- 114.1053 ,- 105.0181 ,- 94.3069 ,- 101.7009 ,- 97.0291 ,- 91.7557 ,- 81.0839 ,- 78.6905 ,- 63.3502 ,- 51.1529 ,- 41.4247 ,- 35.9836 , 20.6466 ,
03-13-2020 ,10:12:57 ,       1939.533, 250  ,            10  , 32  , 111  ,- 14.1962 , 12.2006 ,- 7.5288 ,- 14.5874 ,- 20.3836 ,- 36.6641 ,- 42.6411 ,- 46.6225 ,- 48.9830 ,- 50.2619 ,- 50.8866 ,- 49.2855 ,- 47.5726 ,- 44.3080 ,- 41.5167 ,- 136.3727 ,- 171.2483 ,- 152.7946 ,- 142.4943 ,- 121.1146 ,- 106.5305 ,- 95.7798 ,- 103.1902 ,- 99.2516 ,- 93.1102 ,- 83.6450 ,- 79.5354 ,- 65.4017 ,- 53.7896 ,- 43.5091 ,- 36.4767 , 21.6033 ,
03-13-2020 ,10:12:58 ,       1940.048, 250  ,            10  , 32  , 111  ,- 11.4312 , 9.5441 ,- 9.7184 ,- 15.8400 ,- 20.9786 ,- 38.4362 ,- 44.0252 ,- 48.1151 ,- 51.1135 ,- 52.6554 ,- 53.2932 ,- 51.4587 ,- 49.6570 ,- 46.2871 ,- 42.4636 ,- 129.5376 ,- 163.4006 ,- 145.9530 ,- 137.6253 ,- 125.1453 ,- 102.6576 ,- 94.1096 ,- 101.9968 ,- 96.6412 ,- 91.7557 ,- 80.8932 ,- 77.8455 ,- 62.5677 ,- 51.5178 ,- 42.1184 ,- 35.8850 , 21.6986 ,
03-13-2020 ,10:12:58 ,       1940.513, 250  ,            10  , 32  , 111  ,- 8.7616 , 11.9178 ,- 8.2586 ,- 15.2647 ,- 20.4822 ,- 36.8614 ,- 43.1376 ,- 47.4181 ,- 49.5617 ,- 50.9589 ,- 51.4882 ,- 49.4828 ,- 48.1677 ,- 44.6039 ,- 42.0855 ,- 132.0757 ,- 169.4828 ,- 151.2757 ,- 138.1119 ,- 121.2921 ,- 107.3820 ,- 95.6811 ,- 103.4894 ,- 99.5409 ,- 93.3042 ,- 83.7403 ,- 80.4757 ,- 65.5003 ,- 54.0625 ,- 43.2099 ,- 35.7830 , 21.8893 ,
03-13-2020 ,10:12:59 ,       1941.028, 250  ,            10  , 32  , 111  ,- 13.5058 , 11.0630 ,- 8.0482 ,- 14.3967 ,- 20.2849 ,- 37.1573 ,- 42.5425 ,- 46.9184 ,- 50.0482 ,- 51.2581 ,- 52.2904 ,- 50.0778 ,- 48.9633 ,- 45.6921 ,- 42.0855 ,- 132.7595 ,- 167.1289 ,- 148.6127 ,- 139.2790 ,- 116.8242 ,- 103.9792 ,- 93.9124 ,- 101.1025 ,- 95.9672 ,- 91.2691 ,- 80.0384 ,- 76.8132 ,- 61.9825 ,- 50.1535 ,- 40.9315 ,- 35.5858 , 21.0280 ,
03-13-2020 ,10:12:59 ,       1941.543, 250  ,            10  , 32  , 111  ,- 10.0471 , 11.3458 ,- 8.3606 ,- 15.4554 ,- 20.8800 ,- 37.2559 ,- 43.0389 ,- 47.2176 ,- 49.1770 ,- 50.6598 ,- 50.9885 ,- 49.0882 ,- 47.3721 ,- 44.3080 ,- 41.4181 ,- 130.8034 ,- 166.7376 ,- 149.2801 ,- 138.0132 ,- 120.1513 ,- 106.0603 ,- 94.9940 ,- 102.7924 ,- 99.2516 ,- 92.8176 ,- 83.5496 ,- 80.3803 ,- 65.7929 ,- 54.1545 ,- 43.7063 ,- 36.2795 , 22.1786 ,
03-13-2020 ,10:13:00 ,       1942.058, 250  ,            10  , 32  , 111  ,- 13.9003 , 11.5364 ,- 7.1112 ,- 13.8181 ,- 19.7918 ,- 36.9600 ,- 42.2499 ,- 46.8198 ,- 49.6603 ,- 51.1595 ,- 52.1918 ,- 50.3737 ,- 48.8647 ,- 45.9880 ,- 42.3682 ,- 133.9299 ,- 168.0132 ,- 149.6582 ,- 141.1299 ,- 124.2708 ,- 104.1699 ,- 95.1880 ,- 103.2888 ,- 98.0910 ,- 92.9162 ,- 81.8433 ,- 78.2236 ,- 63.2515 ,- 51.6987 ,- 41.5266 ,- 36.1808 , 23.5200 ,
03-13-2020 ,10:13:00 ,       1942.523, 250  ,            10  , 32  , 111  ,- 10.8362 , 11.1584 ,- 9.3008 ,- 15.9386 ,- 21.2745 ,- 38.0417 ,- 44.1239 ,- 48.0132 ,- 50.1436 ,- 51.3567 ,- 51.5902 ,- 49.8773 ,- 48.0691 ,- 45.0017 ,- 41.7995 ,- 133.3447 ,- 169.1902 ,- 150.7990 ,- 139.4762 ,- 116.5612 ,- 106.2477 ,- 95.0927 ,- 102.5951 ,- 98.3803 ,- 92.0450 ,- 82.5074 ,- 79.6307 ,- 64.8165 ,- 52.8789 ,- 42.4176 ,- 36.1808 , 19.8806 ,
03-13-2020 ,10:13:01 ,       1943.038, 250  ,            10  , 32  , 111  ,- 11.5299 , 11.0630 ,- 8.8833 ,- 15.2647 ,- 20.5808 ,- 37.9430 ,- 43.2362 ,- 47.7140 ,- 50.6269 ,- 51.9551 ,- 52.5896 ,- 50.8669 ,- 49.2592 ,- 46.1885 ,- 42.6543 ,- 131.7831 ,- 167.9146 ,- 150.2302 ,- 138.6938 ,- 117.4357 ,- 107.1946 ,- 96.5622 ,- 104.5809 ,- 99.1562 ,- 94.3694 ,- 83.2669 ,- 79.7228 ,- 64.8165 ,- 52.9710 ,- 42.1184 ,- 36.3781 , 21.1233 ,
03-13-2020 ,10:13:01 ,       1943.553, 250  ,            10  , 32  , 111  ,- 10.1458 , 10.3036 ,- 9.6132 ,- 16.0340 ,- 21.1759 ,- 37.4499 ,- 43.3348 ,- 47.3195 ,- 49.2724 ,- 50.3606 ,- 50.5874 ,- 48.8910 ,- 46.9743 ,- 44.2093 ,- 41.6088 ,- 128.6565 ,- 163.7952 ,- 146.8078 ,- 134.7025 ,- 113.9310 ,- 104.8307 ,- 93.8170 ,- 100.6061 ,- 97.1277 ,- 90.7858 ,- 81.5573 ,- 78.9732 ,- 65.1091 ,- 52.7902 ,- 42.1184 ,- 35.1913 , 20.5512 ,
03-13-2020 ,10:13:02 ,       1944.068, 250  ,            10  , 32  , 111  ,- 9.6493 , 9.7315 ,- 9.8236 ,- 15.9386 ,- 20.7814 ,- 37.6504 ,- 42.5425 ,- 46.9184 ,- 49.6603 ,- 50.8603 ,- 51.3863 ,- 49.1869 ,- 48.1677 ,- 45.0017 ,- 41.6088 ,- 127.8740 ,- 165.1661 ,- 148.1393 ,- 134.4099 ,- 117.0839 ,- 106.9086 ,- 95.7798 ,- 103.6866 ,- 98.7683 ,- 94.0768 ,- 83.4576 ,- 79.5354 ,- 64.4252 ,- 52.6981 ,- 42.3189 ,- 35.2899 , 21.0280 ,
03-13-2020 ,10:13:02 ,       1944.533, 250  ,            10  , 32  , 111  ,- 11.5299 , 11.6318 ,- 7.6307 ,- 14.3014 ,- 20.2849 ,- 37.0587 ,- 43.0389 ,- 47.2176 ,- 49.5617 ,- 51.0576 ,- 51.3863 ,- 49.2855 ,- 47.4740 ,- 44.3080 ,- 41.1354 ,- 130.4154 ,- 164.8735 ,- 147.4719 ,- 137.7206 ,- 117.7875 ,- 104.1699 ,- 93.4258 ,- 100.9053 ,- 96.9305 ,- 90.5918 ,- 81.6526 ,- 79.1606 ,- 64.4252 ,- 52.3365 ,- 42.6148 ,- 35.1913 , 22.9447 ,
03-13-2020 ,10:13:03 ,       1945.047, 250  ,            10  , 32  , 111  ,- 9.5507 , 11.9178 ,- 7.5288 ,- 14.1074 ,- 19.7918 ,- 36.1710 ,- 41.6548 ,- 46.3233 ,- 48.8844 ,- 50.1600 ,- 50.7880 ,- 49.1869 ,- 47.9671 ,- 44.5052 ,- 41.4181 ,- 128.6565 ,- 165.4620 ,- 148.0439 ,- 135.9683 ,- 118.8362 ,- 106.0603 ,- 95.1880 ,- 103.0916 ,- 98.4790 ,- 93.1102 ,- 82.7935 ,- 78.2236 ,- 63.7414 ,- 52.1524 ,- 41.4247 ,- 35.5858 , 22.3693 ,
03-13-2020 ,10:13:03 ,       1945.562, 250  ,            10  , 32  , 111  ,- 13.5058 , 12.5819 ,- 6.3781 ,- 13.9167 ,- 20.2849 ,- 37.1573 ,- 43.3348 ,- 47.9145 ,- 50.4362 ,- 52.0570 ,- 52.3891 ,- 50.5677 ,- 48.6641 ,- 45.5934 ,- 42.7496 ,- 133.6373 ,- 166.6390 ,- 148.9940 ,- 140.8373 ,- 119.3623 ,- 104.6433 ,- 93.9124 ,- 101.3031 ,- 97.2231 ,- 90.8811 ,- 81.2746 ,- 78.3157 ,- 63.6428 ,- 51.9715 ,- 42.1184 ,- 36.0822 , 20.1666 ,
03-13-2020 ,10:13:04 ,       1946.026, 250  ,            10  , 32  , 111  ,- 10.9348 , 12.2959 ,- 7.3184 ,- 14.2060 ,- 20.1863 ,- 36.5655 ,- 42.0493 ,- 46.6225 ,- 49.4663 ,- 50.6598 ,- 51.7907 ,- 49.8773 ,- 48.6641 ,- 45.4948 ,- 42.4636 ,- 129.4390 ,- 165.3634 ,- 147.4719 ,- 136.6488 ,- 117.7875 ,- 105.3042 ,- 94.5995 ,- 102.3946 ,- 97.7064 ,- 92.5283 ,- 82.2214 ,- 78.0329 ,- 63.1562 ,- 51.9715 ,- 41.0302 ,- 35.6844 , 22.0833 ,
03-13-2020 ,10:13:04 ,       1946.54, 250  ,             10  , 32  , 111  ,- 11.7271 , 10.8723 ,- 8.6729 ,- 15.7447 ,- 20.7814 ,- 37.9430 ,- 43.5321 ,- 48.2137 ,- 50.8209 ,- 51.9551 ,- 52.6915 ,- 50.9655 ,- 48.9633 ,- 45.4948 ,- 42.2762 ,- 132.5623 ,- 168.4045 ,- 149.6582 ,- 138.4998 ,- 119.3623 ,- 105.5869 ,- 94.8954 ,- 102.2959 ,- 97.9003 ,- 91.9496 ,- 81.6526 ,- 79.4433 ,- 64.2313 ,- 52.0603 ,- 43.0126 ,- 35.9836 , 21.4126 ,
03-13-2020 ,10:13:05 ,       1947.055, 250  ,            10  , 32  , 111  ,- 8.5644 , 10.4943 ,- 9.5112 ,- 15.7447 ,- 20.8800 ,- 37.6504 ,- 42.9403 ,- 47.2176 ,- 49.8543 ,- 51.3567 ,- 52.2904 ,- 50.2751 ,- 49.2592 ,- 46.0866 ,- 43.5091 ,- 129.7316 ,- 167.5234 ,- 149.6582 ,- 137.0401 ,- 119.0138 ,- 107.2866 ,- 95.7798 ,- 103.8872 ,- 99.2516 ,- 93.8861 ,- 83.6450 ,- 79.0652 ,- 64.3266 ,- 53.2439 ,- 41.7239 ,- 36.5754 , 21.7940 ,
03-13-2020 ,10:13:05 ,       1947.569, 250  ,            10  , 32  , 111  ,- 10.6389 , 10.8723 ,- 8.9885 ,- 15.5507 ,- 20.8800 ,- 38.1403 ,- 43.8280 ,- 47.9145 ,- 50.8209 ,- 52.1556 ,- 52.5896 ,- 50.7682 ,- 48.9633 ,- 45.7907 ,- 42.5589 ,- 133.2461 ,- 170.1700 ,- 152.1305 ,- 140.5447 ,- 119.5398 ,- 107.5694 ,- 96.9568 ,- 104.3836 ,- 99.9288 ,- 93.5935 ,- 83.6450 ,- 81.7874 ,- 65.9869 ,- 53.0630 ,- 42.9140 ,- 36.2795 , 21.6033 ,
03-13-2020 ,10:13:06 ,       1948.033, 250  ,            10  , 32  , 111  ,- 9.1562 , 10.4943 ,- 9.5112 ,- 15.2647 ,- 20.7814 ,- 37.3545 ,- 42.9403 ,- 47.4181 ,- 49.9496 ,- 50.8603 ,- 51.8893 ,- 50.1765 ,- 48.9633 ,- 45.7907 ,- 43.2230 ,- 131.0992 ,- 169.7787 ,- 151.5584 ,- 137.8192 ,- 120.6773 ,- 108.2335 ,- 96.5622 ,- 104.1864 ,- 99.4455 ,- 93.8861 ,- 83.3622 ,- 78.7858 ,- 63.8367 ,- 52.3365 ,- 41.5266 ,- 36.2795 , 20.5512 ,
03-13-2020 ,10:13:06 ,       1948.547, 250  ,            10  , 32  , 111  ,- 6.2893 , 10.2082 ,- 10.6586 ,- 16.6093 ,- 21.0773 ,- 37.8477 ,- 43.7293 ,- 48.0132 ,- 50.1436 ,- 51.6559 ,- 51.8893 ,- 49.8773 ,- 47.9671 ,- 44.9030 ,- 41.0400 ,- 126.9962 ,- 165.2647 ,- 147.8532 ,- 134.9951 ,- 118.4877 ,- 106.0603 ,- 95.2866 ,- 102.7924 ,- 98.1896 ,- 92.2390 ,- 82.2214 ,- 80.3803 ,- 64.6225 ,- 52.5173 ,- 42.9140 ,- 35.8850 , 21.3173 ,
03-13-2020 ,10:13:07 ,       1949.062, 250  ,            10  , 32  , 111  ,- 10.3430 , 11.8225 ,- 8.1534 ,- 14.6860 ,- 20.2849 ,- 36.8614 ,- 42.5425 ,- 47.0203 ,- 49.4663 ,- 50.8603 ,- 51.6888 ,- 49.7787 ,- 48.6641 ,- 45.4948 ,- 42.7496 ,- 132.6609 ,- 169.7787 ,- 151.0850 ,- 139.5716 ,- 120.1513 ,- 106.2477 ,- 95.5825 ,- 103.5880 ,- 98.4790 ,- 93.0148 ,- 83.1716 ,- 78.5031 ,- 63.6428 ,- 52.2444 ,- 41.8225 ,- 36.3781 , 20.7419 ,
03-13-2020 ,10:13:07 ,       1949.576, 250  ,            10  , 32  , 111  ,- 5.6942 , 11.3458 ,- 9.7184 ,- 16.0340 ,- 21.0773 ,- 38.5348 ,- 44.3211 ,- 48.5096 ,- 51.0148 ,- 52.1556 ,- 52.5896 ,- 50.6663 ,- 48.6641 ,- 45.3962 ,- 41.4181 ,- 127.2888 ,- 164.6763 ,- 147.0938 ,- 134.9951 ,- 119.2768 ,- 104.4527 ,- 94.4055 ,- 102.2959 ,- 97.3184 ,- 91.5617 ,- 81.5573 ,- 78.9732 ,- 63.8367 ,- 51.4258 ,- 41.8225 ,- 35.6844 , 21.8893 ,
03-13-2020 ,10:13:08 ,       1950.04, 250  ,             10  , 32  , 111  ,- 10.0471 , 10.3989 ,- 9.6132 ,- 15.9386 ,- 21.0773 ,- 37.3545 ,- 43.0389 ,- 47.1189 ,- 49.2724 ,- 50.7584 ,- 51.1891 ,- 49.0882 ,- 48.2663 ,- 45.1989 ,- 42.5589 ,- 131.6844 ,- 168.2072 ,- 150.1349 ,- 138.7924 ,- 121.5518 ,- 106.1524 ,- 95.3853 ,- 103.0916 ,- 99.0609 ,- 92.7222 ,- 83.4576 ,- 79.1606 ,- 64.7178 ,- 53.2439 ,- 42.3189 ,- 36.0822 , 22.5600 ,
03-13-2020 ,10:13:08 ,       1950.555, 250  ,            10  , 32  , 111  ,- 6.7825 , 10.2082 ,- 10.3463 ,- 16.7080 ,- 21.4718 ,- 39.8170 ,- 44.9129 ,- 49.6044 ,- 52.1754 ,- 53.7502 ,- 54.1940 ,- 52.2477 ,- 50.1535 ,- 46.8789 ,- 42.5589 ,- 128.2653 ,- 167.3261 ,- 149.9442 ,- 136.6488 ,- 120.2401 ,- 109.0850 ,- 97.0554 ,- 105.0806 ,- 100.3135 ,- 94.9513 ,- 83.8357 ,- 81.5080 ,- 65.5956 ,- 53.0630 ,- 43.4104 ,- 36.3781 , 20.0712 ,
03-13-2020 ,10:13:09 ,       1951.07, 250  ,             10  , 32  , 111  ,- 2.2356 , 7.7392 ,- 12.5359 ,- 17.3786 ,- 21.2745 ,- 37.5485 ,- 43.0389 ,- 47.2176 ,- 49.4663 ,- 50.4592 ,- 51.0872 ,- 49.4828 ,- 48.4669 ,- 45.1003 ,- 42.6543 ,- 122.6992 ,- 164.0878 ,- 147.5672 ,- 132.9502 ,- 118.6620 ,- 108.9864 ,- 95.8751 ,- 104.3836 ,- 100.7014 ,- 94.5633 ,- 85.1672 ,- 80.8505 ,- 66.5754 ,- 54.6082 ,- 43.0126 ,- 36.4767 , 22.2740 ,
03-13-2020 ,10:13:09 ,       1951.585, 250  ,            10  , 32  , 111  ,- 12.1217 , 11.5364 ,- 8.3606 ,- 15.0707 ,- 20.5808 ,- 37.7491 ,- 43.1376 ,- 47.9145 ,- 50.8209 ,- 51.9551 ,- 52.5896 ,- 51.1628 ,- 49.0619 ,- 45.8893 ,- 42.5589 ,- 132.7595 ,- 167.4247 ,- 149.0894 ,- 139.2790 ,- 116.4724 ,- 103.9792 ,- 94.0110 ,- 101.7009 ,- 96.0625 ,- 90.9798 ,- 80.4165 ,- 77.9409 ,- 62.5677 ,- 50.3343 ,- 41.5266 ,- 35.2899 , 22.6586 ,
03-13-2020 ,10:13:10 ,       1952.05, 250  ,             10  , 32  , 111  ,- 13.4071 , 7.3611 ,- 10.9710 ,- 16.4154 ,- 21.7677 ,- 38.5348 ,- 44.4198 ,- 48.6115 ,- 50.9195 ,- 52.5535 ,- 53.1913 ,- 51.3600 ,- 50.1535 ,- 46.8789 ,- 44.1765 ,- 124.8461 ,- 160.1656 ,- 144.0527 ,- 131.1946 ,- 112.8823 ,- 104.5480 ,- 93.0313 ,- 100.4088 ,- 96.9305 ,- 90.9798 ,- 81.9387 ,- 77.8455 ,- 64.0340 ,- 52.8789 ,- 42.6148 ,- 36.6773 , 21.1233 ,
03-13-2020 ,10:13:10 ,       1952.565, 250  ,            10  , 32  , 111  ,- 11.2340 , 10.6816 ,- 9.7184 ,- 15.9386 ,- 20.9786 ,- 38.7321 ,- 43.6307 ,- 47.9145 ,- 50.9195 ,- 51.9551 ,- 52.4910 ,- 50.6663 ,- 48.7628 ,- 45.6921 ,- 42.1808 ,- 132.3683 ,- 168.0132 ,- 149.5628 ,- 138.5984 ,- 118.3990 ,- 105.3962 ,- 94.5995 ,- 102.0954 ,- 96.9305 ,- 91.6570 ,- 80.7025 ,- 78.3157 ,- 63.0576 ,- 50.9721 ,- 41.2274 ,- 35.6844 , 21.3173 ,
03-13-2020 ,10:13:11 ,       1953.079, 250  ,            10  , 32  , 111  ,- 4.7079 , 8.4986 ,- 11.8060 ,- 17.0893 ,- 21.4718 ,- 38.1403 ,- 43.4302 ,- 47.6154 ,- 49.4663 ,- 50.6598 ,- 50.9885 ,- 49.0882 ,- 47.8685 ,- 44.5052 ,- 42.2762 ,- 123.1858 ,- 162.4209 ,- 145.6669 ,- 132.1710 ,- 118.3990 ,- 107.3820 ,- 95.1880 ,- 103.0916 ,- 99.3502 ,- 93.0148 ,- 83.8357 ,- 80.3803 ,- 65.5956 ,- 54.1545 ,- 43.1113 ,- 36.2795 , 21.2186 ,
03-13-2020 ,10:13:11 ,       1953.544, 250  ,            10  , 32  , 111  ,- 16.2740 , 11.5364 ,- 6.5885 ,- 13.5321 ,- 19.4959 ,- 36.7628 ,- 42.3485 ,- 47.0203 ,- 49.9496 ,- 51.5573 ,- 52.3891 ,- 50.6663 ,- 49.1606 ,- 45.7907 ,- 41.5167 ,- 135.0050 ,- 169.3875 ,- 151.1804 ,- 141.5212 ,- 119.9771 ,- 104.8307 ,- 95.4839 ,- 103.2888 ,- 98.0910 ,- 93.3042 ,- 82.1261 ,- 79.1606 ,- 63.6428 ,- 52.2444 ,- 42.3189 ,- 36.0822 , 21.5080 ,
03-13-2020 ,10:13:12 ,       1954.059, 250  ,            10  , 32  , 111  ,- 11.9244 , 10.3989 ,- 8.5710 ,- 15.3600 ,- 20.3836 ,- 37.0587 ,- 43.0389 ,- 47.2176 ,- 49.3710 ,- 50.4592 ,- 51.2877 ,- 49.2855 ,- 48.0691 ,- 44.8011 ,- 42.8450 ,- 130.6094 ,- 166.3431 ,- 148.5206 ,- 136.3562 ,- 114.4570 ,- 105.0181 ,- 93.5211 ,- 100.6061 ,- 97.2231 ,- 90.6905 ,- 81.2746 ,- 78.1283 ,- 63.8367 ,- 51.6987 ,- 41.0302 ,- 35.6844 , 22.1786 ,
03-13-2020 ,10:13:12 ,       1954.574, 250  ,            10  , 32  , 111  ,- 12.8153 , 10.4943 ,- 8.3606 ,- 14.6860 ,- 20.2849 ,- 37.3545 ,- 42.4439 ,- 46.9184 ,- 49.9496 ,- 51.2581 ,- 51.8893 ,- 50.2751 ,- 49.0619 ,- 45.7907 ,- 41.8948 ,- 126.3124 ,- 159.2812 ,- 142.6258 ,- 132.5590 ,- 114.9831 ,- 101.3327 ,- 91.4631 ,- 98.9162 ,- 94.0340 ,- 89.4313 ,- 78.6148 ,- 75.8762 ,- 61.2987 ,- 50.1535 ,- 40.5337 ,- 34.8921 , 21.7940 ,
03-13-2020 ,10:13:13 ,       1955.089, 250  ,            10  , 32  , 111  ,- 10.3430 , 9.8301 ,- 9.5112 ,- 15.9386 ,- 21.2745 ,- 38.1403 ,- 43.9266 ,- 48.2137 ,- 50.4362 ,- 51.9551 ,- 52.2904 ,- 50.2751 ,- 48.8647 ,- 45.6921 ,- 42.3682 ,- 129.0477 ,- 165.2647 ,- 148.6127 ,- 137.3294 ,- 118.8362 ,- 106.1524 ,- 94.8954 ,- 102.8943 ,- 99.1562 ,- 92.7222 ,- 83.9310 ,- 80.4757 ,- 65.9869 ,- 54.5162 ,- 44.0055 ,- 36.0822 , 21.4126 ,
03-13-2020 ,10:13:13 ,       1955.554, 250  ,            10  , 32  , 111  ,- 13.9003 , 11.6318 ,- 7.4236 ,- 14.0121 ,- 19.8904 ,- 36.9600 ,- 42.5425 ,- 47.2176 ,- 50.4362 ,- 51.3567 ,- 52.5896 ,- 50.7682 ,- 49.5584 ,- 46.1885 ,- 42.7496 ,- 132.7595 ,- 168.0132 ,- 150.3223 ,- 139.2790 ,- 118.0505 ,- 106.7212 ,- 95.9737 ,- 103.9858 ,- 98.5743 ,- 93.6921 ,- 82.7935 ,- 79.0652 ,- 64.4252 ,- 52.6093 ,- 42.7134 ,- 35.5858 , 21.4126 ,
03-13-2020 ,10:13:14 ,       1956.068, 250  ,            10  , 32  , 111  ,- 10.4416 , 12.2006 ,- 7.6307 ,- 15.2647 ,- 21.0773 ,- 38.2389 ,- 44.3211 ,- 48.5096 ,- 51.0148 ,- 52.2543 ,- 52.5896 ,- 50.5677 ,- 48.7628 ,- 45.5934 ,- 43.1310 ,- 133.2461 ,- 169.1902 ,- 151.0850 ,- 140.1568 ,- 118.5765 ,- 106.6258 ,- 95.3853 ,- 103.3907 ,- 99.3502 ,- 92.7222 ,- 83.1716 ,- 80.1929 ,- 65.5003 ,- 53.4247 ,- 43.2099 ,- 36.1808 , 21.6986 ,
03-13-2020 ,10:13:14 ,       1956.583, 250  ,            10  , 32  , 111  ,- 10.5403 , 10.1129 ,- 9.8236 ,- 15.7447 ,- 20.9786 ,- 38.5348 ,- 43.5321 ,- 47.9145 ,- 51.1135 ,- 52.2543 ,- 53.4937 ,- 51.2614 ,- 50.1535 ,- 46.6817 ,- 43.4137 ,- 130.8034 ,- 167.0302 ,- 148.9940 ,- 136.9414 ,- 118.9250 ,- 104.9261 ,- 94.5995 ,- 102.5951 ,- 97.4170 ,- 92.3343 ,- 81.5573 ,- 77.7535 ,- 62.4724 ,- 51.5178 ,- 41.1288 ,- 35.9836 , 21.5080 ,
03-13-2020 ,10:13:15 ,       1957.098, 250  ,            10  , 32  , 111  ,- 6.2893 , 9.7315 ,- 10.5534 ,- 16.5140 ,- 21.2745 ,- 37.9430 ,- 43.7293 ,- 47.6154 ,- 49.7589 ,- 50.9589 ,- 51.3863 ,- 49.3841 ,- 47.2734 ,- 44.4066 ,- 41.3228 ,- 127.5814 ,- 166.4417 ,- 148.8034 ,- 135.4817 ,- 120.3255 ,- 107.6647 ,- 95.7798 ,- 103.2888 ,- 99.6395 ,- 92.7222 ,- 83.7403 ,- 81.3206 ,- 66.5754 ,- 53.9704 ,- 44.0055 ,- 36.0822 , 21.5080 ,
03-13-2020 ,10:13:15 ,       1957.563, 250  ,            10  , 32  , 111  ,- 10.3430 , 9.8301 ,- 9.7184 ,- 15.7447 ,- 20.6795 ,- 37.9430 ,- 43.0389 ,- 47.3195 ,- 50.1436 ,- 51.3567 ,- 52.2904 ,- 50.2751 ,- 49.1606 ,- 46.1885 ,- 42.8450 ,- 127.9727 ,- 164.4790 ,- 146.9984 ,- 135.1891 ,- 117.8729 ,- 105.9650 ,- 94.6981 ,- 102.4965 ,- 97.8017 ,- 92.8176 ,- 82.1261 ,- 78.4110 ,- 63.7414 ,- 52.7902 ,- 42.2203 ,- 36.1808 , 22.0833 ,
03-13-2020 ,10:13:16 ,       1958.078, 250  ,            10  , 32  , 111  ,- 11.9244 , 10.7770 ,- 8.1534 ,- 14.9754 ,- 20.2849 ,- 37.1573 ,- 43.0389 ,- 47.6154 ,- 49.6603 ,- 51.4587 ,- 51.7907 ,- 49.8773 ,- 48.2663 ,- 45.4948 ,- 41.9902 ,- 130.7080 ,- 167.1289 ,- 148.9940 ,- 136.8461 ,- 116.1239 ,- 105.8696 ,- 94.6981 ,- 101.8981 ,- 98.0910 ,- 91.6570 ,- 82.1261 ,- 80.0055 ,- 64.8165 ,- 52.6981 ,- 43.1113 ,- 35.6844 , 22.2740 ,
03-13-2020 ,10:13:16 ,       1958.591, 250  ,            10  , 32  , 111  ,- 12.8153 , 12.4866 ,- 7.1112 ,- 14.3967 ,- 20.4822 ,- 37.1573 ,- 42.5425 ,- 47.2176 ,- 49.9496 ,- 51.1595 ,- 51.6888 ,- 50.1765 ,- 48.9633 ,- 45.7907 ,- 42.2762 ,- 134.3212 ,- 168.5031 ,- 150.5163 ,- 140.4494 ,- 118.2247 ,- 105.0181 ,- 94.9940 ,- 102.9929 ,- 97.9003 ,- 92.9162 ,- 82.2214 ,- 78.4110 ,- 63.6428 ,- 52.2444 ,- 41.8225 ,- 36.2795 , 21.0280 ,
03-13-2020 ,10:13:17 ,       1959.056, 250  ,            10  , 32  , 111  ,- 8.7616 , 11.0630 ,- 8.2586 ,- 14.9754 ,- 19.9891 ,- 37.0587 ,- 42.6411 ,- 47.0203 ,- 49.1770 ,- 50.6598 ,- 50.9885 ,- 48.9896 ,- 47.1748 ,- 44.2093 ,- 40.7540 ,- 127.9727 ,- 164.2850 ,- 146.9031 ,- 135.0905 ,- 117.2614 ,- 104.4527 ,- 93.6198 ,- 101.0039 ,- 96.7398 ,- 90.4965 ,- 81.3666 ,- 79.0652 ,- 64.3266 ,- 51.6987 ,- 42.1184 ,- 34.6948 , 22.9447 ,
03-13-2020 ,10:13:17 ,       1959.571, 250  ,            10  , 32  , 111  ,- 6.9797 , 9.3534 ,- 10.5534 ,- 15.6460 ,- 20.2849 ,- 36.3682 ,- 42.0493 ,- 45.9255 ,- 48.2071 ,- 49.5617 ,- 50.5874 ,- 48.9896 ,- 47.6713 ,- 44.7025 ,- 41.5167 ,- 124.1623 ,- 161.6352 ,- 144.5261 ,- 131.9738 ,- 116.2981 ,- 104.3573 ,- 92.9327 ,- 101.1025 ,- 97.0291 ,- 91.7557 ,- 81.5573 ,- 77.4707 ,- 63.1562 ,- 52.5173 ,- 41.3260 ,- 35.1913 , 21.1233 ,
03-13-2020 ,10:13:18 ,       1960.086, 250  ,            10  , 32  , 111  ,- 7.9693 , 10.6816 ,- 9.1956 ,- 15.6460 ,- 20.3836 ,- 36.9600 ,- 42.6411 ,- 47.0203 ,- 49.2724 ,- 51.1595 ,- 50.5874 ,- 48.8910 ,- 46.8756 ,- 43.5189 ,- 39.8992 ,- 127.1902 ,- 164.0878 ,- 146.4264 ,- 134.9951 ,- 119.5398 ,- 105.0181 ,- 94.4055 ,- 102.1973 ,- 97.6077 ,- 91.8510 ,- 82.1261 ,- 80.3803 ,- 64.8165 ,- 52.4252 ,- 42.4176 ,- 34.8921 , 21.7940 ,
03-13-2020 ,10:13:18 ,       1960.6, 250  ,              10  , 32  , 111  ,- 7.4762 , 10.3036 ,- 10.7606 ,- 16.6093 ,- 21.5704 ,- 38.6334 ,- 43.9266 ,- 48.0132 ,- 50.3376 ,- 51.7578 ,- 52.3891 ,- 50.5677 ,- 49.5584 ,- 46.3858 ,- 43.0356 ,- 127.9727 ,- 163.2034 ,- 145.7623 ,- 135.6757 ,- 118.1360 ,- 102.8450 ,- 92.7387 ,- 100.8066 ,- 96.3518 ,- 91.3677 ,- 81.0839 ,- 76.6258 ,- 62.2751 ,- 51.6987 ,- 41.3260 ,- 36.4767 , 20.0712 ,
03-13-2020 ,10:13:19 ,       1961.065, 250  ,            10  , 32  , 111  ,- 7.4762 , 11.7271 ,- 8.3606 ,- 15.4554 ,- 20.2849 ,- 37.6504 ,- 43.3348 ,- 47.8159 ,- 50.3376 ,- 51.5573 ,- 52.2904 ,- 50.4724 ,- 48.2663 ,- 45.1003 ,- 41.7041 ,- 129.7316 ,- 168.0132 ,- 150.2302 ,- 137.1354 ,- 119.8883 ,- 107.6647 ,- 96.1710 ,- 104.0844 ,- 99.4455 ,- 93.5935 ,- 83.1716 ,- 81.5080 ,- 65.8883 ,- 53.0630 ,- 43.0126 ,- 35.5858 , 21.3173 ,
03-13-2020 ,10:13:19 ,       1961.579, 250  ,            10  , 32  , 111  ,- 10.0471 , 10.5896 ,- 9.4060 ,- 15.6460 ,- 20.6795 ,- 37.3545 ,- 42.9403 ,- 47.4181 ,- 49.7589 ,- 51.3567 ,- 51.6888 ,- 49.9759 ,- 48.8647 ,- 45.1003 ,- 42.4636 ,- 130.6094 ,- 166.4417 ,- 148.4220 ,- 138.3058 ,- 125.6713 ,- 103.2231 ,- 94.1096 ,- 102.2959 ,- 97.9003 ,- 92.5283 ,- 82.5074 ,- 78.0329 ,- 63.9387 ,- 53.0630 ,- 42.6148 ,- 36.3781 , 21.1233 ,
03-13-2020 ,10:13:20 ,       1962.093, 250  ,            10  , 32  , 111  ,- 4.5107 , 10.1129 ,- 10.3463 ,- 16.3200 ,- 20.4822 ,- 37.6504 ,- 43.1376 ,- 47.4181 ,- 49.6603 ,- 50.9589 ,- 51.5902 ,- 49.7787 ,- 47.8685 ,- 44.9030 ,- 41.3228 ,- 125.8258 ,- 165.5606 ,- 148.2346 ,- 134.8012 ,- 117.9617 ,- 105.7743 ,- 95.1880 ,- 102.8943 ,- 98.3803 ,- 92.3343 ,- 82.5074 ,- 80.3803 ,- 65.0104 ,- 52.4252 ,- 43.0126 ,- 35.1913 , 22.2740 ,
03-13-2020 ,10:13:20 ,       1962.606, 250  ,            10  , 32  , 111  ,- 12.5162 , 9.6395 ,- 9.7184 ,- 16.1293 ,- 21.3732 ,- 38.0417 ,- 43.4302 ,- 47.6154 ,- 50.1436 ,- 51.3567 ,- 51.7907 ,- 49.6800 ,- 48.5655 ,- 45.1989 ,- 42.3682 ,- 132.3683 ,- 167.9146 ,- 150.3223 ,- 138.0132 ,- 118.3990 ,- 107.4773 ,- 96.4636 ,- 103.7886 ,- 99.9288 ,- 94.1754 ,- 84.1217 ,- 79.8181 ,- 65.4017 ,- 53.8817 ,- 42.9140 ,- 36.0822 , 21.8893 ,
03-13-2020 ,10:13:21 ,       1963.071, 250  ,            10  , 32  , 111  ,- 13.3085 , 10.3036 ,- 8.6729 ,- 14.8767 ,- 20.2849 ,- 37.1573 ,- 42.3485 ,- 46.9184 ,- 49.2724 ,- 50.9589 ,- 51.2877 ,- 49.7787 ,- 48.0691 ,- 45.1003 ,- 41.6088 ,- 133.3447 ,- 168.6971 ,- 150.7990 ,- 141.3239 ,- 121.0291 ,- 106.0603 ,- 96.0724 ,- 103.5880 ,- 98.5743 ,- 93.0148 ,- 82.4121 ,- 80.1929 ,- 64.4252 ,- 51.8795 ,- 42.2203 ,- 35.4871 , 22.3693 ,
03-13-2020 ,10:13:21 ,       1963.586, 250  ,            10  , 32  , 111  ,- 10.5403 , 8.4033 ,- 10.4482 ,- 16.1293 ,- 21.1759 ,- 37.4499 ,- 43.2362 ,- 47.3195 ,- 49.7589 ,- 50.6598 ,- 51.5902 ,- 49.8773 ,- 48.9633 ,- 45.5934 ,- 43.6044 ,- 127.5814 ,- 164.1864 ,- 146.9031 ,- 134.6039 ,- 114.1053 ,- 105.2088 ,- 93.6198 ,- 101.1025 ,- 97.0291 ,- 91.0784 ,- 81.4620 ,- 77.5661 ,- 63.2515 ,- 52.1524 ,- 41.4247 ,- 35.8850 , 20.9326 ,
03-13-2020 ,10:13:22 ,       1964.101, 250  ,            10  , 32  , 111  ,- 8.3638 , 6.9797 ,- 12.4307 ,- 16.9940 ,- 21.2745 ,- 38.7321 ,- 43.9266 ,- 48.0132 ,- 50.7255 ,- 52.4548 ,- 52.7902 ,- 50.9655 ,- 49.1606 ,- 46.0866 ,- 42.5589 ,- 126.4110 ,- 163.7952 ,- 146.4264 ,- 134.1173 ,- 117.0839 ,- 104.4527 ,- 94.0110 ,- 101.7995 ,- 96.5458 ,- 91.4631 ,- 80.7979 ,- 78.4110 ,- 62.8636 ,- 50.6072 ,- 41.3260 ,- 35.8850 , 22.7540 ,
03-13-2020 ,10:13:22 ,       1964.616, 250  ,            10  , 32  , 111  ,- 13.7030 , 10.8723 ,- 8.6729 ,- 15.1660 ,- 21.1759 ,- 37.3545 ,- 43.7293 ,- 47.8159 ,- 49.8543 ,- 50.9589 ,- 52.1918 ,- 50.1765 ,- 49.0619 ,- 45.5934 ,- 42.8450 ,- 132.2697 ,- 167.2275 ,- 149.3754 ,- 137.7206 ,- 116.9984 ,- 106.0603 ,- 94.9940 ,- 102.3946 ,- 98.4790 ,- 92.3343 ,- 83.0762 ,- 78.9732 ,- 64.2313 ,- 52.9710 ,- 42.1184 ,- 36.4767 , 20.9326 ,
03-13-2020 ,10:13:23 ,       1965.081, 250  ,            10  , 32  , 111  ,- 5.7962 , 9.8301 ,- 10.4482 ,- 16.4154 ,- 21.0773 ,- 38.7321 ,- 43.9266 ,- 48.4110 ,- 51.2088 ,- 52.7540 ,- 52.6915 ,- 50.9655 ,- 49.2592 ,- 45.8893 ,- 41.8948 ,- 126.2171 ,- 165.6593 ,- 148.7080 ,- 134.6039 ,- 118.8362 ,- 107.2866 ,- 96.4636 ,- 104.4822 ,- 99.2516 ,- 94.1754 ,- 83.0762 ,- 81.1299 ,- 65.3030 ,- 53.1518 ,- 43.2099 ,- 36.2795 , 22.1786 ,
03-13-2020 ,10:13:23 ,       1965.596, 250  ,            10  , 32  , 111  ,- 4.4088 , 8.2159 ,- 12.3288 ,- 17.1847 ,- 21.4718 ,- 37.9430 ,- 43.8280 ,- 47.6154 ,- 49.6603 ,- 50.5611 ,- 51.2877 ,- 49.1869 ,- 48.1677 ,- 45.1003 ,- 42.3682 ,- 121.8214 ,- 161.0467 ,- 144.1480 ,- 130.3201 ,- 115.6833 ,- 105.3042 ,- 93.6198 ,- 101.2044 ,- 97.3184 ,- 91.0784 ,- 81.8433 ,- 78.1283 ,- 63.7414 ,- 52.7902 ,- 41.7239 ,- 35.5858 , 20.1666 ,
03-13-2020 ,10:13:24 ,       1966.111, 250  ,            10  , 32  , 111  ,- 9.3534 , 10.5896 ,- 9.5112 ,- 16.0340 ,- 20.8800 ,- 38.1403 ,- 43.4302 ,- 48.2137 ,- 50.9195 ,- 52.1556 ,- 52.8921 ,- 51.1628 ,- 49.3578 ,- 46.1885 ,- 42.1808 ,- 127.3875 ,- 164.2850 ,- 146.9984 ,- 134.4099 ,- 117.7875 ,- 105.3962 ,- 94.5042 ,- 102.1973 ,- 97.1277 ,- 92.0450 ,- 81.1792 ,- 78.6905 ,- 62.9589 ,- 51.2450 ,- 41.6252 ,- 35.8850 , 20.7419 ,
03-13-2020 ,10:13:24 ,       1966.579, 250  ,            10  , 32  , 111  ,- 12.5162 , 10.5896 ,- 8.2586 ,- 14.9754 ,- 20.7814 ,- 37.1573 ,- 43.1376 ,- 47.5167 ,- 49.7589 ,- 51.2581 ,- 52.0899 ,- 50.3737 ,- 48.8647 ,- 45.5934 ,- 42.4636 ,- 129.7316 ,- 164.3837 ,- 146.9984 ,- 136.5535 ,- 118.6620 ,- 103.9792 ,- 93.5211 ,- 101.2044 ,- 97.7064 ,- 90.9798 ,- 82.0340 ,- 78.8779 ,- 64.3266 ,- 52.4252 ,- 42.9140 ,- 35.9836 , 20.8373 ,
03-13-2020 ,12:10:18 ,       8980.679, 250  ,            10  , 32  , 111  ,- 17.3918 , 11.7633 ,- 6.3616 ,- 13.5715 ,- 19.5025 ,- 35.5891 ,- 41.7600 ,- 45.9814 ,- 48.6148 ,- 49.9726 ,- 50.6072 ,- 48.9962 ,- 47.5102 ,- 44.3211 ,- 42.0033 ,- 140.8867 ,- 171.5376 ,- 152.9754 ,- 144.0264 ,- 119.4379 ,- 106.0669 ,- 96.0132 ,- 103.4203 ,- 99.0247 ,- 92.7058 ,- 82.9315 ,- 80.0187 ,- 64.5995 ,- 52.5830 ,- 42.6707 ,- 35.4970 , 20.9655 ,
03-13-2020 ,12:10:19 ,       8981.196, 250  ,            10  , 32  , 111  ,- 12.3452 , 10.4351 ,- 8.2422 ,- 14.4395 ,- 19.9956 ,- 36.1808 ,- 41.3655 ,- 45.6822 ,- 48.6148 ,- 49.9726 ,- 50.7091 ,- 48.9962 ,- 47.8093 ,- 44.5217 ,- 41.5266 ,- 137.6614 ,- 172.9119 ,- 155.0664 ,- 142.1754 ,- 123.6428 ,- 111.2680 ,- 98.9557 ,- 106.8001 ,- 101.3458 ,- 96.3847 ,- 85.0192 ,- 81.8992 ,- 66.3584 ,- 54.6740 ,- 44.3573 ,- 35.6943 , 20.7748 ,
03-13-2020 ,12:10:19 ,       8981.691, 250  ,            10  , 32  , 111  ,- 16.5008 , 12.0493 ,- 5.4214 ,- 12.8022 ,- 19.5025 ,- 35.3918 ,- 41.3655 ,- 46.0800 ,- 48.4241 ,- 49.9726 ,- 50.6072 ,- 48.9962 ,- 47.4115 ,- 44.5217 ,- 41.8093 ,- 138.8318 ,- 171.0445 ,- 152.7847 ,- 141.9782 ,- 118.7343 ,- 107.8620 ,- 96.3058 ,- 104.0154 ,- 99.8006 ,- 93.0905 ,- 83.3096 ,- 80.5842 ,- 65.3820 ,- 53.0367 ,- 42.5721 ,- 35.2997 , 21.5408 ,
03-13-2020 ,12:10:20 ,       8982.17, 250  ,             10  , 32  , 111  ,- 16.9973 , 13.0948 ,- 4.6915 ,- 12.0329 ,- 18.5096 ,- 34.6028 ,- 40.6751 ,- 45.0839 ,- 47.9376 ,- 49.3743 ,- 50.3080 ,- 48.8976 ,- 47.8093 ,- 44.9162 ,- 42.3814 ,- 142.0603 ,- 174.4834 ,- 155.3524 ,- 145.8773 ,- 125.4839 ,- 108.4307 ,- 97.7787 ,- 105.6066 ,- 100.2806 ,- 95.0302 ,- 83.7863 ,- 80.3968 ,- 64.9907 ,- 53.4017 ,- 42.5721 ,- 36.1907 , 20.6795 ,
03-13-2020 ,12:10:20 ,       8982.664, 250  ,            10  , 32  , 111  ,- 16.8954 , 12.9995 ,- 5.0038 ,- 13.0915 ,- 19.5025 ,- 36.0822 ,- 42.1545 ,- 46.9776 ,- 49.3907 ,- 50.7715 ,- 51.7118 ,- 50.2784 ,- 48.4044 ,- 45.2121 ,- 42.3814 ,- 141.5705 ,- 172.7146 ,- 153.8302 ,- 144.9042 ,- 121.6275 ,- 107.4839 ,- 96.7003 ,- 104.4132 ,- 99.7020 ,- 93.2844 ,- 83.2143 ,- 80.4888 ,- 65.0893 ,- 52.8559 ,- 42.9699 ,- 36.1907 , 21.1595 ,
03-13-2020 ,12:10:21 ,       8983.191, 250  ,            10  , 32  , 111  ,- 9.9748 , 11.0038 ,- 7.6143 ,- 14.1501 ,- 19.9956 ,- 36.1808 ,- 41.8587 ,- 45.9814 ,- 48.6148 ,- 50.2718 ,- 51.0082 ,- 49.1935 ,- 48.0066 ,- 44.7189 ,- 42.1907 ,- 134.5349 ,- 169.7689 ,- 151.2625 ,- 138.3749 ,- 120.9272 ,- 107.6746 ,- 95.9146 ,- 103.2198 ,- 98.4428 ,- 92.8011 ,- 82.3595 ,- 78.8910 ,- 64.0143 ,- 52.5830 ,- 42.0756 ,- 36.0921 , 22.0208 ,
03-13-2020 ,12:10:21 ,       8983.668, 250  ,            10  , 32  , 111  ,- 16.5008 , 12.3353 ,- 5.1090 ,- 12.2236 ,- 18.7101 ,- 34.9973 ,- 40.9710 ,- 45.6822 ,- 47.9376 ,- 49.2724 ,- 50.3080 ,- 48.7989 ,- 47.6088 ,- 44.2225 ,- 41.6219 ,- 139.9102 ,- 171.3404 ,- 153.0708 ,- 143.5398 ,- 122.6795 ,- 105.9716 ,- 95.3261 ,- 102.5228 ,- 97.9628 ,- 91.7359 ,- 81.6954 ,- 78.7990 ,- 63.4258 ,- 51.7644 ,- 42.3748 ,- 35.2011 , 20.5841 ,
03-13-2020 ,12:10:22 ,       8984.159, 250  ,            10  , 32  , 111  ,- 17.7863 , 12.9995 ,- 4.9019 ,- 12.5162 ,- 19.1047 ,- 35.0959 ,- 40.9710 ,- 45.2844 ,- 47.8422 ,- 49.3743 ,- 50.0055 ,- 48.6017 ,- 47.5102 ,- 44.5217 ,- 42.3814 ,- 140.9853 ,- 169.6702 ,- 151.3579 ,- 144.1250 ,- 118.8231 ,- 104.2685 ,- 93.7546 ,- 100.9316 ,- 96.7036 ,- 90.6707 ,- 80.0811 ,- 77.1091 ,- 62.0581 ,- 51.2187 ,- 41.1814 ,- 35.6943 , 20.2948 ,
03-13-2020 ,12:10:22 ,       8984.652, 250  ,            10  , 32  , 111  ,- 11.9507 , 11.5759 ,- 6.8844 ,- 13.6669 ,- 19.6011 ,- 35.6877 ,- 41.2669 ,- 45.5836 ,- 48.1315 ,- 49.4729 ,- 50.3080 ,- 48.3058 ,- 46.8165 ,- 44.0252 ,- 41.1452 ,- 136.1951 ,- 169.3776 ,- 150.9765 ,- 139.6406 ,- 116.8932 ,- 106.7277 ,- 95.0302 ,- 103.0192 ,- 97.8642 ,- 92.2192 ,- 81.4126 ,- 79.0784 ,- 63.5244 ,- 51.5836 ,- 41.8784 ,- 35.1025 , 21.4455 ,
03-13-2020 ,12:10:23 ,       8985.164, 250  ,            10  , 32  , 111  ,- 9.9748 , 11.4806 ,- 8.1370 ,- 14.8241 ,- 19.9956 ,- 36.1808 ,- 41.9573 ,- 45.8795 ,- 48.2269 ,- 49.4729 ,- 50.0055 ,- 48.7989 ,- 47.2110 ,- 44.8176 ,- 42.2860 ,- 135.3173 ,- 168.9831 ,- 151.0719 ,- 138.4702 ,- 116.9820 ,- 106.7277 ,- 95.0302 ,- 102.7233 ,- 98.1535 ,- 92.1239 ,- 82.0768 ,- 78.7990 ,- 63.8170 ,- 51.9452 ,- 41.0828 ,- 35.0006 , 21.5408 ,
03-13-2020 ,12:10:23 ,       8985.673, 250  ,            10  , 32  , 111  ,- 19.2691 , 11.1945 ,- 5.3162 ,- 12.5162 ,- 19.1047 ,- 35.3918 ,- 41.0696 ,- 45.5836 ,- 48.5195 ,- 49.7721 ,- 50.8077 ,- 48.8976 ,- 47.7107 ,- 44.6203 ,- 42.0954 ,- 138.4439 ,- 169.1804 ,- 151.6439 ,- 140.4198 ,- 118.5601 ,- 106.4450 ,- 95.4247 ,- 102.9206 ,- 97.9628 ,- 92.0253 ,- 81.5047 ,- 78.7990 ,- 64.1096 ,- 52.0373 ,- 42.1743 ,- 35.0006 , 20.9655 ,
03-13-2020 ,12:10:24 ,       8986.309, 250  ,            10  , 32  , 111  ,- 15.7118 , 14.8044 ,- 3.7512 ,- 11.7436 ,- 18.5096 ,- 34.8000 ,- 40.9710 ,- 45.2844 ,- 47.8422 ,- 49.1737 ,- 50.2061 ,- 48.7003 ,- 47.3129 ,- 44.3211 ,- 41.5266 ,- 141.4719 ,- 171.8302 ,- 152.8801 ,- 144.3190 ,- 117.2450 ,- 106.2543 ,- 95.3261 ,- 102.9206 ,- 98.3475 ,- 92.2192 ,- 82.4548 ,- 78.5162 ,- 63.9156 ,- 51.7644 ,- 41.6778 ,- 34.7047 , 21.9255 ,
03-13-2020 ,12:10:24 ,       8986.67, 250  ,             10  , 32  , 111  ,- 12.6444 , 11.8586 ,- 6.5721 ,- 13.5715 ,- 19.5025 ,- 35.7863 ,- 41.4641 ,- 45.4850 ,- 48.1315 ,- 49.5748 ,- 50.5085 ,- 48.6017 ,- 46.9151 ,- 44.1239 ,- 41.0499 ,- 136.1951 ,- 169.2790 ,- 150.8845 ,- 139.7393 ,- 120.4899 ,- 106.2543 ,- 95.6187 ,- 103.1212 ,- 98.2521 ,- 92.6072 ,- 81.9814 ,- 79.1737 ,- 63.7184 ,- 52.0373 ,- 41.6778 ,- 34.9019 , 22.2115 ,
03-13-2020 ,12:10:25 ,       8987.233, 250  ,            10  , 32  , 111  ,- 14.9195 , 11.9540 ,- 6.0493 ,- 12.9962 ,- 19.2033 ,- 35.1945 ,- 40.9710 ,- 45.3830 ,- 47.7469 ,- 49.2724 ,- 50.0055 ,- 48.7003 ,- 47.2110 ,- 44.0252 ,- 40.8625 ,- 139.4203 ,- 172.2247 ,- 153.4489 ,- 142.2708 ,- 122.6795 ,- 108.3354 ,- 97.0916 ,- 104.5118 ,- 100.1853 ,- 93.9650 ,- 83.7863 ,- 80.7716 ,- 65.8685 ,- 54.0395 ,- 43.7622 ,- 36.4899 , 20.9655 ,
03-13-2020 ,12:10:25 ,       8987.709, 250  ,            10  , 32  , 111  ,- 9.4784 , 10.9085 ,- 8.2422 ,- 14.4395 ,- 19.8970 ,- 36.5754 ,- 42.1545 ,- 46.3792 ,- 48.9074 ,- 50.4724 ,- 51.1102 ,- 49.4893 ,- 48.1085 ,- 44.9162 ,- 42.0954 ,- 134.5349 ,- 171.2417 ,- 153.0708 ,- 139.9332 ,- 123.3798 ,- 109.0916 ,- 97.4828 ,- 105.5080 ,- 100.4779 ,- 94.6422 ,- 83.4050 ,- 81.1463 ,- 65.0893 ,- 53.0367 ,- 42.8713 ,- 35.5956 , 21.2548 ,
03-13-2020 ,12:10:27 ,       8988.83, 250  ,             10  , 32  , 111  ,- 10.6652 , 11.7633 ,- 6.8844 ,- 13.9562 ,- 19.3052 ,- 35.2932 ,- 40.9710 ,- 45.3830 ,- 47.4543 ,- 48.8745 ,- 49.7063 ,- 48.2071 ,- 46.7145 ,- 43.6307 ,- 41.3359 ,- 134.9261 ,- 168.6905 ,- 150.5031 ,- 138.5688 ,- 120.9272 ,- 106.6324 ,- 95.6187 ,- 103.3184 ,- 98.9294 ,- 92.5085 ,- 82.7409 ,- 79.7359 ,- 64.5995 ,- 52.7639 ,- 41.6778 ,- 35.4970 , 22.2115 ,
03-13-2020 ,12:10:27 ,       8988.859, 250  ,            10  , 32  , 111  ,- 7.2033 , 9.5803 ,- 9.1792 ,- 14.7288 ,- 19.6011 ,- 35.7863 ,- 40.7737 ,- 45.0839 ,- 47.4543 ,- 48.4767 ,- 49.4039 ,- 48.1085 ,- 46.6159 ,- 43.8280 ,- 41.4313 ,- 129.0609 ,- 166.1360 ,- 148.6949 ,- 134.7683 ,- 119.1716 ,- 108.0494 ,- 95.8159 ,- 103.7162 ,- 98.7354 ,- 93.3831 ,- 82.2642 ,- 79.3611 ,- 63.5244 ,- 51.9452 ,- 41.3819 ,- 35.1025 , 22.0208 ,
03-13-2020 ,12:10:27 ,       8989.18, 250  ,             10  , 32  , 111  ,- 17.3918 , 9.9584 ,- 7.5090 ,- 14.2455 ,- 19.9956 ,- 36.3781 ,- 42.2532 ,- 46.0800 ,- 48.5195 ,- 50.0713 ,- 50.6072 ,- 48.7989 ,- 47.7107 ,- 44.4230 ,- 42.4767 ,- 135.8039 ,- 164.6664 ,- 147.0806 ,- 138.1776 ,- 112.0735 ,- 103.0390 ,- 92.0844 ,- 99.1431 ,- 94.6718 ,- 88.8296 ,- 79.1310 ,- 76.2642 ,- 62.2554 ,- 50.8537 ,- 41.4806 ,- 35.0006 , 20.9655 ,
03-13-2020 ,12:10:27 ,       8989.678, 250  ,            10  , 32  , 111  ,- 7.4006 , 11.0992 ,- 8.5545 ,- 14.2455 ,- 19.5025 ,- 35.7863 ,- 40.9710 ,- 45.1858 ,- 47.9376 ,- 48.5754 ,- 49.9069 ,- 48.1085 ,- 46.8165 ,- 43.8280 ,- 40.8625 ,- 130.3332 ,- 165.6461 ,- 147.7447 ,- 134.9623 ,- 117.9453 ,- 105.0247 ,- 93.7546 ,- 101.8291 ,- 96.6083 ,- 91.3480 ,- 80.6499 ,- 77.6713 ,- 62.6466 ,- 51.2187 ,- 40.8855 ,- 34.5074 , 21.8301 ,
03-13-2020 ,12:10:28 ,       8990.22, 250  ,             10  , 32  , 111  ,- 15.5112 , 10.4351 ,- 7.4038 ,- 13.7655 ,- 19.7984 ,- 35.9836 ,- 41.4641 ,- 45.8795 ,- 48.3255 ,- 49.6735 ,- 50.5085 ,- 48.9962 ,- 47.4115 ,- 44.4230 ,- 42.4767 ,- 134.1436 ,- 164.0746 ,- 146.6992 ,- 137.9836 ,- 115.9299 ,- 102.6609 ,- 92.3803 ,- 99.4422 ,- 95.3491 ,- 89.0236 ,- 79.1310 ,- 77.2011 ,- 61.8641 ,- 50.3080 ,- 41.2833 ,- 34.7047 , 21.1595 ,
03-13-2020 ,12:10:28 ,       8990.696, 250  ,            10  , 32  , 111  ,- 11.0597 , 11.0992 ,- 7.3019 ,- 13.6669 ,- 19.3052 ,- 35.5891 ,- 41.1682 ,- 45.1858 ,- 47.9376 ,- 49.3743 ,- 50.2061 ,- 48.5030 ,- 47.1124 ,- 44.4230 ,- 41.8093 ,- 133.2658 ,- 168.4932 ,- 150.3124 ,- 137.2045 ,- 118.6455 ,- 107.8620 ,- 95.7173 ,- 103.2198 ,- 97.8642 ,- 92.7058 ,- 82.0768 ,- 78.7036 ,- 63.3304 ,- 51.3107 ,- 40.9841 ,- 35.1025 , 22.4022 ,
03-13-2020 ,12:10:29 ,       8991.166, 250  ,            10  , 32  , 111  ,- 13.4334 , 11.5759 ,- 6.6740 ,- 13.4762 ,- 19.4038 ,- 35.4904 ,- 41.2669 ,- 45.3830 ,- 47.8422 ,- 49.2724 ,- 50.0055 ,- 48.4044 ,- 47.0137 ,- 44.0252 ,- 41.1452 ,- 136.4877 ,- 169.1804 ,- 151.0719 ,- 139.9332 ,- 118.1195 ,- 107.1058 ,- 95.5201 ,- 103.4203 ,- 99.3140 ,- 92.8965 ,- 82.4548 ,- 80.5842 ,- 65.3820 ,- 52.7639 ,- 42.3748 ,- 34.9019 , 20.5841 ,
03-13-2020 ,12:10:29 ,       8991.718, 250  ,            10  , 32  , 111  ,- 12.7430 , 11.2899 ,- 7.1967 ,- 13.4762 ,- 19.3052 ,- 35.8850 ,- 41.0696 ,- 45.3830 ,- 47.9376 ,- 49.3743 ,- 50.1074 ,- 48.3058 ,- 47.1124 ,- 44.3211 ,- 41.9047 ,- 135.4127 ,- 169.6702 ,- 150.5984 ,- 139.0554 ,- 123.3798 ,- 106.6324 ,- 95.7173 ,- 103.6176 ,- 98.4428 ,- 93.2844 ,- 82.4548 ,- 79.2691 ,- 63.9156 ,- 52.3989 ,- 41.9770 ,- 35.3984 , 22.2115 ,
03-13-2020 ,12:10:30 ,       8992.178, 250  ,            10  , 32  , 111  ,- 12.0493 , 11.0992 ,- 8.2422 ,- 14.9195 ,- 20.4888 ,- 37.3644 ,- 43.2395 ,- 47.4740 ,- 49.8740 ,- 50.9688 ,- 51.6099 ,- 49.9825 ,- 48.1085 ,- 44.8176 ,- 42.0954 ,- 138.7365 ,- 172.1261 ,- 154.1162 ,- 142.0768 ,- 121.1902 ,- 107.6746 ,- 96.1118 ,- 103.6176 ,- 99.0247 ,- 92.8011 ,- 82.8362 ,- 80.3968 ,- 65.3820 ,- 53.0367 ,- 43.3677 ,- 35.3984 , 21.3501 ,
03-13-2020 ,12:10:30 ,       8992.731, 250  ,            10  , 32  , 111  ,- 8.3901 , 10.5304 ,- 9.8071 ,- 15.4981 ,- 20.4888 ,- 37.1671 ,- 42.6510 ,- 46.6751 ,- 49.2954 ,- 50.4724 ,- 51.1102 ,- 49.3907 ,- 47.8093 ,- 44.9162 ,- 42.4767 ,- 135.6099 ,- 171.2417 ,- 152.9754 ,- 140.7124 ,- 122.0647 ,- 109.2790 ,- 97.1902 ,- 104.8110 ,- 100.0899 ,- 94.2543 ,- 83.5957 ,- 80.4888 ,- 65.1847 ,- 53.4017 ,- 42.9699 ,- 35.6943 , 21.7315 ,
03-13-2020 ,12:10:31 ,       8993.188, 250  ,            10  , 32  , 111  ,- 11.7534 , 10.8164 ,- 8.2422 ,- 15.0181 ,- 20.2915 ,- 37.2658 ,- 42.6510 ,- 46.8756 ,- 49.2954 ,- 50.7715 ,- 51.4093 ,- 49.5880 ,- 48.0066 ,- 45.0148 ,- 42.0954 ,- 137.2702 ,- 171.3404 ,- 153.1661 ,- 141.5902 ,- 122.9425 ,- 108.9042 ,- 97.1902 ,- 105.0116 ,- 99.9913 ,- 93.9650 ,- 83.7863 ,- 81.5211 ,- 66.1611 ,- 53.7666 ,- 43.6636 ,- 36.0921 , 21.3501 ,
03-13-2020 ,12:10:31 ,       8993.701, 250  ,            10  , 32  , 111  ,- 19.4663 , 12.2400 ,- 4.9019 ,- 12.5162 ,- 19.2033 ,- 35.3918 ,- 41.3655 ,- 45.7808 ,- 48.5195 ,- 49.7721 ,- 50.7091 ,- 49.3907 ,- 48.2071 ,- 44.8176 ,- 42.0954 ,- 143.7206 ,- 173.9902 ,- 155.2571 ,- 146.9491 ,- 127.8510 ,- 108.2401 ,- 97.2888 ,- 104.9096 ,- 100.3792 ,- 94.3496 ,- 83.9770 ,- 80.2061 ,- 64.9907 ,- 53.1288 ,- 42.7693 ,- 36.2893 , 20.5841 ,
03-13-2020 ,12:10:32 ,       8994.219, 250  ,            10  , 32  , 111  ,- 17.3918 , 12.5260 ,- 5.1090 ,- 12.6115 ,- 19.2033 ,- 35.6877 ,- 41.7600 ,- 46.1819 ,- 48.9074 ,- 50.5710 ,- 51.2088 ,- 49.6899 ,- 48.1085 ,- 44.9162 ,- 41.9047 ,- 142.7442 ,- 174.6774 ,- 156.2072 ,- 145.1935 ,- 121.5420 ,- 110.1305 ,- 98.2685 ,- 105.8072 ,- 100.5732 ,- 94.7376 ,- 83.8817 ,- 81.6165 ,- 65.6746 ,- 53.5825 ,- 43.8608 ,- 35.9934 , 22.4022 ,
03-13-2020 ,12:10:32 ,       8994.71, 250  ,             10  , 32  , 111  ,- 19.4663 , 13.6636 ,- 4.4844 ,- 12.4175 ,- 19.3052 ,- 35.4904 ,- 41.7600 ,- 45.9814 ,- 49.0028 ,- 50.1732 ,- 51.3107 ,- 49.5880 ,- 48.6017 ,- 45.6066 ,- 43.2362 ,- 146.7486 ,- 178.0143 ,- 159.2516 ,- 149.3853 ,- 121.7162 ,- 111.8335 ,- 99.4488 ,- 107.3951 ,- 102.7003 ,- 96.3847 ,- 85.7820 ,- 82.0866 ,- 67.0422 ,- 54.4932 ,- 43.2658 ,- 36.8844 , 21.4455 ,
03-13-2020 ,12:10:33 ,       8995.222, 250  ,            10  , 32  , 111  ,- 21.2482 , 13.7589 ,- 3.3337 ,- 11.7436 ,- 18.6115 ,- 35.2932 ,- 41.2669 ,- 46.0800 ,- 48.6148 ,- 50.2718 ,- 51.4093 ,- 50.1798 ,- 48.4044 ,- 45.4093 ,- 41.8093 ,- 146.0647 ,- 175.2659 ,- 156.0165 ,- 148.5108 ,- 127.2395 ,- 107.7666 ,- 97.8773 ,- 105.7053 ,- 100.3792 ,- 94.3496 ,- 83.9770 ,- 81.4291 ,- 65.5759 ,- 53.3096 ,- 43.7622 ,- 35.9934 , 20.7748 ,
03-13-2020 ,12:10:33 ,       8995.688, 250  ,            10  , 32  , 111  ,- 17.5891 , 11.8586 ,- 6.5721 ,- 13.7655 ,- 19.9956 ,- 36.4767 ,- 42.4504 ,- 46.4778 ,- 49.3907 ,- 50.5710 ,- 51.7118 ,- 50.1798 ,- 48.9008 ,- 45.6066 ,- 43.0455 ,- 143.6220 ,- 173.7963 ,- 155.2571 ,- 146.8538 ,- 128.6401 ,- 108.2401 ,- 97.4828 ,- 105.0116 ,- 100.6685 ,- 94.6422 ,- 83.9770 ,- 80.4888 ,- 65.6746 ,- 53.4937 ,- 43.1671 ,- 36.5885 , 21.6362 ,
03-13-2020 ,12:10:34 ,       8996.204, 250  ,            10  , 32  , 111  ,- 16.5995 , 12.9041 ,- 5.6318 ,- 13.1869 ,- 19.5025 ,- 36.0822 ,- 41.5628 ,- 46.2806 ,- 48.9074 ,- 50.3704 ,- 51.2088 ,- 49.6899 ,- 48.1085 ,- 45.1134 ,- 42.1907 ,- 143.5234 ,- 175.5617 ,- 156.1119 ,- 146.9491 ,- 121.6275 ,- 108.6181 ,- 97.5814 ,- 105.5080 ,- 99.9913 ,- 94.8362 ,- 83.5957 ,- 80.9589 ,- 65.3820 ,- 53.3096 ,- 43.1671 ,- 36.0921 , 22.9775 ,
03-13-2020 ,12:10:34 ,       8996.72, 250  ,             10  , 32  , 111  ,- 12.7430 , 11.0038 ,- 8.0318 ,- 14.6301 ,- 20.2915 ,- 36.6740 ,- 42.4504 ,- 46.4778 ,- 49.0028 ,- 50.1732 ,- 51.0082 ,- 49.4893 ,- 48.4044 ,- 45.0148 ,- 42.6674 ,- 139.1277 ,- 173.5004 ,- 154.7803 ,- 143.0499 ,- 122.3277 ,- 109.9431 ,- 97.5814 ,- 105.7053 ,- 101.3458 ,- 94.5469 ,- 84.7365 ,- 81.4291 ,- 66.3584 ,- 54.2203 ,- 43.8608 ,- 35.9934 , 21.3501 ,
03-13-2020 ,12:10:35 ,       8997.196, 250  ,            10  , 32  , 111  ,- 13.9299 , 12.1447 ,- 6.7792 ,- 13.7655 ,- 19.6011 ,- 36.3781 ,- 41.9573 ,- 46.3792 ,- 49.1014 ,- 50.7715 ,- 51.6099 ,- 50.2784 ,- 48.7036 ,- 45.2121 ,- 42.0954 ,- 142.2543 ,- 176.4461 ,- 156.7793 ,- 145.2921 ,- 125.1354 ,- 109.9431 ,- 98.6631 ,- 106.7014 ,- 101.7337 ,- 95.9968 ,- 84.8318 ,- 81.5211 ,- 65.6746 ,- 53.8554 ,- 43.6636 ,- 36.3913 , 22.1162 ,
03-13-2020 ,12:10:35 ,       8997.71, 250  ,             10  , 32  , 111  ,- 20.3573 , 13.9496 ,- 3.7512 ,- 12.2236 ,- 19.6997 ,- 36.5754 ,- 42.8482 ,- 47.1748 ,- 49.7787 ,- 51.2680 ,- 51.9091 ,- 50.1798 ,- 48.9008 ,- 45.7085 ,- 43.2362 ,- 147.3371 ,- 174.6774 ,- 156.3979 ,- 149.9705 ,- 124.6094 ,- 105.7842 ,- 95.7173 ,- 103.6176 ,- 98.9294 ,- 92.4132 ,- 82.1721 ,- 79.2691 ,- 64.5009 ,- 52.4910 ,- 43.0685 ,- 36.3913 , 21.3501 ,
03-13-2020 ,12:10:36 ,       8998.229, 250  ,            10  , 32  , 111  ,- 15.9090 , 12.0493 ,- 5.9441 ,- 12.8022 ,- 19.4038 ,- 36.0822 ,- 41.5628 ,- 46.2806 ,- 49.1014 ,- 50.3704 ,- 51.4093 ,- 49.7885 ,- 48.4044 ,- 45.3107 ,- 42.0033 ,- 139.1277 ,- 171.5376 ,- 153.1661 ,- 143.5398 ,- 126.0099 ,- 107.3885 ,- 97.1902 ,- 105.3075 ,- 99.4127 ,- 94.3496 ,- 83.1189 ,- 80.1140 ,- 64.5995 ,- 52.5830 ,- 42.9699 ,- 35.3984 , 22.3069 ,
03-13-2020 ,12:10:36 ,       8998.713, 250  ,            10  , 32  , 111  ,- 17.2932 , 11.0038 ,- 6.2564 ,- 12.7069 ,- 19.3052 ,- 34.8986 ,- 40.9710 ,- 45.2844 ,- 47.8422 ,- 49.5748 ,- 50.0055 ,- 48.5030 ,- 47.4115 ,- 44.2225 ,- 41.7173 ,- 137.0762 ,- 168.8878 ,- 151.0719 ,- 140.2258 ,- 116.8932 ,- 106.4450 ,- 94.7376 ,- 102.4242 ,- 97.8642 ,- 92.0253 ,- 82.1721 ,- 79.2691 ,- 64.2083 ,- 52.6751 ,- 42.7693 ,- 35.6943 , 20.6795 ,
03-13-2020 ,12:10:37 ,       8999.246, 250  ,            10  , 32  , 111  ,- 19.3677 , 11.6712 ,- 5.1090 ,- 12.2236 ,- 18.9074 ,- 34.9973 ,- 40.6751 ,- 45.1858 ,- 48.0362 ,- 50.0713 ,- 50.3080 ,- 48.7989 ,- 47.5102 ,- 44.5217 ,- 41.5266 ,- 141.8631 ,- 170.8505 ,- 152.7847 ,- 144.6116 ,- 126.0099 ,- 105.3107 ,- 95.3261 ,- 103.0192 ,- 97.7688 ,- 92.3179 ,- 81.6000 ,- 78.4241 ,- 63.6230 ,- 52.0373 ,- 42.7693 ,- 35.0006 , 20.3934 ,
03-13-2020 ,12:10:37 ,       8999.689, 250  ,            10  , 32  , 111  ,- 15.9090 , 13.6636 ,- 4.4844 ,- 11.9375 ,- 19.0060 ,- 34.1096 ,- 39.9814 ,- 44.5874 ,- 47.1650 ,- 48.5754 ,- 49.4039 ,- 48.0099 ,- 46.5173 ,- 43.5321 ,- 40.6685 ,- 143.4280 ,- 175.6604 ,- 156.2072 ,- 146.1699 ,- 122.5053 ,- 107.5792 ,- 96.6017 ,- 103.9168 ,- 99.3140 ,- 92.8011 ,- 82.8362 ,- 79.7359 ,- 64.0143 ,- 51.8532 ,- 42.0756 ,- 34.8033 , 21.2548 ,
03-13-2020 ,12:10:38 ,       9000.21, 250  ,             10  , 32  , 111  ,- 13.0389 , 12.3353 ,- 5.8389 ,- 12.9962 ,- 19.3052 ,- 35.7863 ,- 41.4641 ,- 45.6822 ,- 48.3255 ,- 49.9726 ,- 50.4066 ,- 48.9962 ,- 47.8093 ,- 44.5217 ,- 41.2406 ,- 138.3453 ,- 171.4390 ,- 152.7847 ,- 142.0768 ,- 121.8905 ,- 107.2012 ,- 96.0132 ,- 104.4132 ,- 99.1233 ,- 93.8663 ,- 82.7409 ,- 79.2691 ,- 64.1096 ,- 52.3989 ,- 42.2729 ,- 35.5956 , 22.9775 ,
03-13-2020 ,12:10:38 ,       9000.718, 250  ,            10  , 32  , 111  ,- 10.6652 , 9.3896 ,- 9.2844 ,- 15.0181 ,- 20.1929 ,- 36.4767 ,- 42.3518 ,- 46.6751 ,- 48.9074 ,- 50.5710 ,- 51.1102 ,- 49.4893 ,- 48.0066 ,- 44.9162 ,- 41.7173 ,- 132.4834 ,- 168.1020 ,- 149.9310 ,- 137.2045 ,- 122.9425 ,- 107.2965 ,- 96.1118 ,- 103.9168 ,- 99.5080 ,- 93.7677 ,- 82.8362 ,- 80.6762 ,- 64.9907 ,- 52.5830 ,- 42.9699 ,- 36.1907 , 20.7748 ,
03-13-2020 ,12:10:39 ,       9001.205, 250  ,            10  , 32  , 111  ,- 16.4022 , 12.4307 ,- 5.8389 ,- 13.0915 ,- 19.7984 ,- 36.1808 ,- 41.9573 ,- 46.1819 ,- 48.8088 ,- 50.2718 ,- 51.3107 ,- 49.5880 ,- 48.5030 ,- 45.0148 ,- 42.5721 ,- 139.1277 ,- 169.7689 ,- 151.1672 ,- 141.9782 ,- 118.9118 ,- 105.0247 ,- 94.8329 ,- 102.3255 ,- 97.2855 ,- 91.8313 ,- 81.5047 ,- 78.1414 ,- 62.9392 ,- 51.5836 ,- 41.2833 ,- 35.6943 , 21.0641 ,
03-13-2020 ,12:10:39 ,       9001.704, 250  ,            10  , 32  , 111  ,- 15.9090 , 12.1447 ,- 6.1512 ,- 13.4762 ,- 19.5025 ,- 36.1808 ,- 41.9573 ,- 46.4778 ,- 49.2954 ,- 50.3704 ,- 51.0082 ,- 49.2921 ,- 48.0066 ,- 44.9162 ,- 42.4767 ,- 139.6176 ,- 171.5376 ,- 153.1661 ,- 143.5398 ,- 120.4899 ,- 107.0105 ,- 96.3058 ,- 103.9168 ,- 98.9294 ,- 93.1891 ,- 82.6455 ,- 80.3968 ,- 64.9907 ,- 52.4910 ,- 42.8713 ,- 35.7962 , 19.7227 ,
03-13-2020 ,12:10:40 ,       9002.227, 250  ,            10  , 32  , 111  ,- 11.5562 , 11.2899 ,- 7.6143 ,- 14.0548 ,- 19.6997 ,- 35.4904 ,- 41.3655 ,- 45.3830 ,- 47.8422 ,- 49.1737 ,- 50.0055 ,- 48.4044 ,- 47.1124 ,- 44.1239 ,- 41.5266 ,- 135.0214 ,- 168.2960 ,- 149.8357 ,- 139.3480 ,- 123.9058 ,- 104.3639 ,- 94.5403 ,- 102.7233 ,- 98.1535 ,- 92.3179 ,- 82.0768 ,- 78.6115 ,- 64.1096 ,- 52.4910 ,- 42.0756 ,- 35.5956 , 20.9655 ,
03-13-2020 ,12:10:40 ,       9002.729, 250  ,            10  , 32  , 111  ,- 15.5112 , 12.6214 ,- 5.2142 ,- 12.6115 ,- 19.0060 ,- 35.3918 ,- 41.1682 ,- 45.7808 ,- 48.2269 ,- 49.9726 ,- 50.3080 ,- 48.7989 ,- 47.3129 ,- 44.1239 ,- 41.1452 ,- 142.6456 ,- 175.0719 ,- 155.6384 ,- 145.6834 ,- 125.2209 ,- 107.6746 ,- 96.8943 ,- 105.0116 ,- 99.6066 ,- 93.8663 ,- 83.0269 ,- 81.2417 ,- 64.7935 ,- 52.3102 ,- 43.1671 ,- 35.6943 , 22.1162 ,
03-13-2020 ,12:10:41 ,       9003.243, 250  ,            10  , 32  , 111  ,- 18.2827 , 11.3852 ,- 5.3162 ,- 12.7069 ,- 19.3052 ,- 35.5891 ,- 41.7600 ,- 46.1819 ,- 48.9074 ,- 50.3704 ,- 51.4093 ,- 50.0811 ,- 49.1014 ,- 45.9058 ,- 43.3315 ,- 136.9776 ,- 167.0204 ,- 148.9809 ,- 138.9601 ,- 116.3672 ,- 104.7420 ,- 93.5573 ,- 101.2307 ,- 96.6083 ,- 90.7661 ,- 81.1266 ,- 77.4839 ,- 62.9392 ,- 51.3995 ,- 41.3819 ,- 35.5956 , 21.3501 ,
03-13-2020 ,12:10:41 ,       9003.756, 250  ,            10  , 32  , 111  ,- 9.3797 , 9.6756 ,- 10.2247 ,- 15.9781 ,- 20.7880 ,- 37.8576 ,- 42.8482 ,- 46.7770 ,- 49.3907 ,- 50.5710 ,- 50.9096 ,- 49.2921 ,- 47.7107 ,- 44.4230 ,- 41.7173 ,- 131.7009 ,- 165.8434 ,- 148.0308 ,- 136.7179 ,- 121.0160 ,- 105.4981 ,- 94.9316 ,- 102.8220 ,- 97.4795 ,- 91.9299 ,- 81.5047 ,- 79.4565 ,- 64.0143 ,- 52.0373 ,- 42.5721 ,- 35.9934 , 20.6795 ,
03-13-2020 ,12:10:42 ,       9004.785, 250  ,            10  , 32  , 111  ,- 10.7638 , 11.3852 ,- 7.7195 ,- 14.0548 ,- 19.6011 ,- 35.3918 ,- 40.8724 ,- 44.7847 ,- 47.4543 ,- 48.8745 ,- 49.4039 ,- 47.9113 ,- 46.6159 ,- 43.9266 ,- 41.8093 ,- 135.3173 ,- 169.1804 ,- 150.8845 ,- 139.7393 ,- 121.3644 ,- 106.2543 ,- 95.3261 ,- 103.6176 ,- 98.4428 ,- 92.5085 ,- 82.2642 ,- 79.1737 ,- 64.0143 ,- 52.1293 ,- 41.7765 ,- 35.2011 , 20.8701 ,
03-13-2020 ,12:10:42 ,       9004.796, 250  ,            10  , 32  , 111  ,- 12.8417 , 10.8164 ,- 7.3019 ,- 13.9562 ,- 19.6011 ,- 35.8850 ,- 41.5628 ,- 45.6822 ,- 48.2269 ,- 49.7721 ,- 50.3080 ,- 48.7003 ,- 47.3129 ,- 44.3211 ,- 41.7173 ,- 135.1201 ,- 167.9048 ,- 149.4576 ,- 138.9601 ,- 119.6976 ,- 105.2154 ,- 94.7376 ,- 102.0264 ,- 96.9929 ,- 91.2494 ,- 80.9359 ,- 78.5162 ,- 63.6230 ,- 51.3995 ,- 41.1814 ,- 34.8033 , 22.2115 ,
03-13-2020 ,12:10:43 ,       9005.254, 250  ,            10  , 32  , 111  ,- 19.6669 , 10.3397 ,- 6.4669 ,- 13.3808 ,- 19.2033 ,- 35.1945 ,- 41.1682 ,- 44.9852 ,- 47.3589 ,- 48.9765 ,- 49.7063 ,- 48.1085 ,- 47.0137 ,- 44.6203 ,- 42.5721 ,- 137.3688 ,- 165.7448 ,- 148.5075 ,- 139.8346 ,- 112.7738 ,- 102.6609 ,- 91.9858 ,- 98.8439 ,- 94.4811 ,- 88.7310 ,- 78.6543 ,- 75.5113 ,- 61.2789 ,- 50.4000 ,- 40.3891 ,- 34.6060 , 21.6362 ,
03-13-2020 ,12:10:43 ,       9005.715, 250  ,            10  , 32  , 111  ,- 19.7655 , 8.4395 ,- 6.9896 ,- 13.0915 ,- 18.8088 ,- 34.6028 ,- 40.0800 ,- 44.2882 ,- 47.2603 ,- 48.4767 ,- 49.1047 ,- 48.0099 ,- 46.7145 ,- 43.6307 ,- 40.8625 ,- 133.1672 ,- 163.2921 ,- 146.7946 ,- 134.6697 ,- 112.5995 ,- 104.3639 ,- 93.1661 ,- 100.3365 ,- 95.4477 ,- 90.3781 ,- 79.6998 ,- 77.4839 ,- 63.0346 ,- 51.3107 ,- 41.4806 ,- 34.7047 , 21.4455 ,
03-13-2020 ,12:10:44 ,       9006.24, 250  ,             10  , 32  , 111  ,- 13.9299 , 11.4806 ,- 7.0915 ,- 14.1501 ,- 19.6997 ,- 35.4904 ,- 41.4641 ,- 45.6822 ,- 47.9376 ,- 49.2724 ,- 50.0055 ,- 48.0099 ,- 46.8165 ,- 44.0252 ,- 41.4313 ,- 138.0527 ,- 170.6532 ,- 152.2127 ,- 140.6138 ,- 120.0494 ,- 108.2401 ,- 96.3058 ,- 103.6176 ,- 99.6066 ,- 93.4784 ,- 83.2143 ,- 80.2061 ,- 65.4773 ,- 53.3096 ,- 42.3748 ,- 35.4970 , 19.7227 ,
03-13-2020 ,12:10:44 ,       9006.752, 250  ,            10  , 32  , 111  ,- 10.9611 , 11.5759 ,- 6.8844 ,- 13.5715 ,- 19.1047 ,- 35.0959 ,- 40.4778 ,- 44.7847 ,- 47.7469 ,- 49.0751 ,- 49.8050 ,- 48.2071 ,- 47.0137 ,- 43.7293 ,- 40.5765 ,- 134.1436 ,- 168.5919 ,- 150.1217 ,- 138.7628 ,- 123.9058 ,- 106.8231 ,- 96.5031 ,- 104.1140 ,- 99.1233 ,- 93.8663 ,- 82.7409 ,- 80.2061 ,- 64.7935 ,- 52.2181 ,- 42.0756 ,- 34.6060 , 21.3501 ,
03-13-2020 ,12:10:45 ,       9007.264, 250  ,            10  , 32  , 111  ,- 12.6444 , 11.4806 ,- 7.3019 ,- 13.8608 ,- 19.5025 ,- 35.1945 ,- 41.0696 ,- 45.1858 ,- 47.5496 ,- 49.2724 ,- 49.6044 ,- 48.1085 ,- 46.8165 ,- 43.9266 ,- 41.8093 ,- 135.8039 ,- 168.2960 ,- 150.2171 ,- 139.5420 ,- 118.6455 ,- 106.1590 ,- 94.6390 ,- 102.3255 ,- 98.2521 ,- 92.1239 ,- 82.2642 ,- 79.3611 ,- 64.6981 ,- 52.3989 ,- 42.1743 ,- 34.9019 , 22.3069 ,
03-13-2020 ,12:10:45 ,       9007.706, 250  ,            10  , 32  , 111  ,- 15.0181 , 10.5304 ,- 7.3019 ,- 13.5715 ,- 19.4038 ,- 35.7863 ,- 40.9710 ,- 45.4850 ,- 48.2269 ,- 49.4729 ,- 50.4066 ,- 49.1935 ,- 48.0066 ,- 44.6203 ,- 41.7173 ,- 136.8790 ,- 170.5546 ,- 152.4987 ,- 139.8346 ,- 118.8231 ,- 107.5792 ,- 96.1118 ,- 103.6176 ,- 98.1535 ,- 92.8965 ,- 81.8861 ,- 78.7036 ,- 63.1332 ,- 51.4915 ,- 41.4806 ,- 34.8033 , 22.5929 ,
03-13-2020 ,12:10:46 ,       9008.207, 250  ,            10  , 32  , 111  ,- 8.4888 , 12.3353 ,- 6.9896 ,- 13.9562 ,- 19.6011 ,- 35.1945 ,- 41.3655 ,- 45.6822 ,- 48.0362 ,- 49.3743 ,- 49.9069 ,- 48.6017 ,- 46.9151 ,- 44.0252 ,- 41.0499 ,- 135.4127 ,- 171.3404 ,- 152.8801 ,- 140.4198 ,- 121.8905 ,- 109.2790 ,- 96.7990 ,- 104.6138 ,- 100.0899 ,- 93.7677 ,- 83.7863 ,- 81.3337 ,- 65.8685 ,- 53.6745 ,- 43.2658 ,- 35.5956 , 20.5841 ,
03-13-2020 ,12:10:46 ,       9008.746, 250  ,            10  , 32  , 111  ,- 17.1945 , 13.1901 ,- 3.8564 ,- 11.4543 ,- 18.4110 ,- 34.0110 ,- 39.7841 ,- 43.9891 ,- 47.0663 ,- 48.6740 ,- 49.5058 ,- 48.0099 ,- 46.8165 ,- 43.4334 ,- 40.7671 ,- 136.6850 ,- 167.2176 ,- 149.3623 ,- 138.7628 ,- 116.0187 ,- 105.0247 ,- 94.0505 ,- 101.8291 ,- 96.8976 ,- 91.4466 ,- 80.7452 ,- 77.8587 ,- 63.0346 ,- 51.4915 ,- 40.8855 ,- 34.3069 , 21.3501 ,
03-13-2020 ,12:10:47 ,       9009.231, 250  ,            10  , 32  , 111  ,- 9.6756 , 10.5304 ,- 8.9721 ,- 15.3041 ,- 20.3901 ,- 36.3781 ,- 41.8587 ,- 46.0800 ,- 48.4241 ,- 49.6735 ,- 49.9069 ,- 48.2071 ,- 46.7145 ,- 43.9266 ,- 41.6219 ,- 133.8510 ,- 168.0034 ,- 149.3623 ,- 137.4971 ,- 118.0340 ,- 106.0669 ,- 93.9485 ,- 102.0264 ,- 97.3809 ,- 91.3480 ,- 81.1266 ,- 78.8910 ,- 63.8170 ,- 51.9452 ,- 42.2729 ,- 34.9019 , 21.3501 ,
03-13-2020 ,12:10:47 ,       9009.729, 250  ,            10  , 32  , 111  ,- 14.8208 , 11.8586 ,- 6.1512 ,- 12.9962 ,- 19.3052 ,- 35.1945 ,- 40.8724 ,- 45.1858 ,- 47.7469 ,- 49.2724 ,- 50.1074 ,- 48.7003 ,- 47.5102 ,- 44.4230 ,- 42.0954 ,- 138.4439 ,- 170.6532 ,- 152.3080 ,- 142.1754 ,- 123.2943 ,- 106.8231 ,- 96.1118 ,- 104.1140 ,- 99.1233 ,- 93.7677 ,- 82.5502 ,- 79.7359 ,- 64.5009 ,- 52.7639 ,- 41.9770 ,- 35.5956 , 21.4455 ,
03-13-2020 ,12:10:48 ,       9010.232, 250  ,            10  , 32  , 111  ,- 19.2691 , 12.3353 ,- 5.6318 ,- 13.0915 ,- 19.3052 ,- 36.0822 ,- 41.7600 ,- 45.9814 ,- 48.4241 ,- 49.6735 ,- 50.3080 ,- 48.8976 ,- 47.4115 ,- 44.3211 ,- 42.3814 ,- 143.9146 ,- 174.1875 ,- 155.2571 ,- 145.8773 ,- 118.0340 ,- 106.3496 ,- 94.9316 ,- 102.5228 ,- 97.7688 ,- 91.5420 ,- 81.4126 ,- 79.1737 ,- 63.3304 ,- 51.6724 ,- 42.1743 ,- 35.4970 , 21.1595 ,
03-13-2020 ,12:10:49 ,       9010.998, 250  ,            10  , 32  , 111  ,- 15.9090 , 9.7710 ,- 7.5090 ,- 13.7655 ,- 19.4038 ,- 35.4904 ,- 40.9710 ,- 45.2844 ,- 47.9376 ,- 49.5748 ,- 50.4066 ,- 48.9962 ,- 47.8093 ,- 44.7189 ,- 42.3814 ,- 137.2702 ,- 169.7689 ,- 150.7891 ,- 140.5184 ,- 122.0647 ,- 106.1590 ,- 95.2274 ,- 103.0192 ,- 98.0581 ,- 92.4132 ,- 81.6000 ,- 78.3288 ,- 63.0346 ,- 52.0373 ,- 41.5792 ,- 35.3984 , 21.6362 ,
03-13-2020 ,12:10:49 ,       9011.256, 250  ,            10  , 32  , 111  ,- 14.1271 , 9.7710 ,- 8.9721 ,- 15.3041 ,- 20.4888 ,- 37.1671 ,- 42.9469 ,- 46.8756 ,- 49.0028 ,- 50.2718 ,- 50.9096 ,- 49.0948 ,- 47.3129 ,- 44.5217 ,- 41.8093 ,- 135.7053 ,- 167.4116 ,- 149.8357 ,- 139.2494 ,- 119.0861 ,- 105.7842 ,- 94.9316 ,- 102.4242 ,- 97.3809 ,- 91.6373 ,- 81.6954 ,- 79.5485 ,- 64.3069 ,- 52.0373 ,- 42.2729 ,- 35.0006 , 22.0208 ,
03-13-2020 ,12:10:50 ,       9011.9, 250  ,              10  , 32  , 111  ,- 10.3693 , 9.6756 ,- 9.3896 ,- 15.0181 ,- 20.0943 ,- 36.0822 ,- 41.4641 ,- 45.3830 ,- 47.9376 ,- 49.1737 ,- 50.1074 ,- 48.4044 ,- 47.4115 ,- 44.3211 ,- 41.3359 ,- 134.6335 ,- 170.7519 ,- 152.2127 ,- 139.6406 ,- 123.9058 ,- 110.4165 ,- 98.0746 ,- 106.1031 ,- 101.0565 ,- 95.9014 ,- 85.3053 ,- 81.6165 ,- 66.5556 ,- 54.6740 ,- 43.9628 ,- 35.8948 , 20.4888 ,
03-13-2020 ,12:10:50 ,       9012.219, 250  ,            10  , 32  , 111  ,- 13.4334 , 10.8164 ,- 7.5090 ,- 14.1501 ,- 19.6997 ,- 36.1808 ,- 42.1545 ,- 45.8795 ,- 48.5195 ,- 49.8740 ,- 50.7091 ,- 49.0948 ,- 47.4115 ,- 44.3211 ,- 41.2406 ,- 136.5864 ,- 170.3573 ,- 152.4034 ,- 139.6406 ,- 122.2423 ,- 109.2790 ,- 97.1902 ,- 105.0116 ,- 100.1853 ,- 94.4483 ,- 83.8817 ,- 81.5211 ,- 65.6746 ,- 53.5825 ,- 43.6636 ,- 35.3984 , 21.0641 ,
03-13-2020 ,12:10:50 ,       9012.76, 250  ,             10  , 32  , 111  ,- 16.7967 , 11.7633 ,- 5.9441 ,- 12.8975 ,- 18.9074 ,- 34.8986 ,- 40.8724 ,- 45.2844 ,- 47.6482 ,- 49.3743 ,- 50.1074 ,- 48.6017 ,- 47.5102 ,- 44.7189 ,- 42.4767 ,- 139.0291 ,- 170.6532 ,- 152.4034 ,- 141.4916 ,- 116.6302 ,- 107.0105 ,- 95.8159 ,- 103.6176 ,- 98.6401 ,- 93.1891 ,- 82.3595 ,- 79.1737 ,- 64.4055 ,- 52.4910 ,- 41.6778 ,- 35.6943 , 20.6795 ,
03-13-2020 ,12:10:51 ,       9013.386, 250  ,            10  , 32  , 111  ,- 19.8641 , 11.4806 ,- 5.7370 ,- 12.6115 ,- 19.1047 ,- 35.7863 ,- 41.4641 ,- 46.0800 ,- 48.4241 ,- 49.8740 ,- 50.8077 ,- 48.9962 ,- 47.5102 ,- 44.3211 ,- 41.6219 ,- 141.1793 ,- 172.0275 ,- 153.5442 ,- 143.2472 ,- 119.3491 ,- 107.2965 ,- 95.7173 ,- 103.2198 ,- 98.0581 ,- 92.2192 ,- 81.7907 ,- 79.2691 ,- 63.6230 ,- 51.6724 ,- 42.4734 ,- 35.3984 , 20.5841 ,
03-13-2020 ,12:10:51 ,       9013.761, 250  ,            10  , 32  , 111  ,- 13.2362 , 11.3852 ,- 7.1967 ,- 14.1501 ,- 19.9956 ,- 36.1808 ,- 41.8587 ,- 46.0800 ,- 48.4241 ,- 49.8740 ,- 50.5085 ,- 48.7003 ,- 47.5102 ,- 44.5217 ,- 42.1907 ,- 137.0762 ,- 169.5749 ,- 151.0719 ,- 140.9064 ,- 120.9272 ,- 106.5403 ,- 95.2274 ,- 103.4203 ,- 98.8307 ,- 92.9951 ,- 82.8362 ,- 79.5485 ,- 64.7935 ,- 53.4017 ,- 43.1671 ,- 36.3913 , 20.9655 ,
03-13-2020 ,12:10:52 ,       9014.281, 250  ,            10  , 32  , 111  ,- 14.9195 , 11.0038 ,- 7.1967 ,- 13.3808 ,- 19.0060 ,- 35.5891 ,- 40.5765 ,- 45.3830 ,- 47.7469 ,- 49.4729 ,- 50.2061 ,- 48.7003 ,- 47.0137 ,- 44.3211 ,- 41.3359 ,- 138.9338 ,- 172.1261 ,- 154.0209 ,- 143.0499 ,- 120.6642 ,- 107.4839 ,- 96.9929 ,- 104.3146 ,- 99.0247 ,- 93.3831 ,- 82.9315 ,- 80.1140 ,- 64.5009 ,- 52.4910 ,- 42.0756 ,- 35.1025 , 21.9255 ,
03-13-2020 ,12:10:52 ,       9014.759, 250  ,            10  , 32  , 111  ,- 9.1825 , 10.9085 ,- 8.4493 ,- 14.9195 ,- 20.1929 ,- 36.0822 ,- 42.1545 ,- 46.2806 ,- 48.1315 ,- 49.5748 ,- 50.3080 ,- 48.7989 ,- 47.7107 ,- 44.5217 ,- 41.8093 ,- 134.2423 ,- 169.7689 ,- 151.2625 ,- 138.9601 ,- 123.9058 ,- 108.6181 ,- 96.7003 ,- 104.7124 ,- 100.2806 ,- 94.0603 ,- 83.8817 ,- 80.7716 ,- 65.6746 ,- 53.4017 ,- 42.5721 ,- 36.0921 , 21.9255 ,
03-13-2020 ,12:10:53 ,       9015.271, 250  ,            10  , 32  , 111  ,- 16.9973 , 11.1945 ,- 6.3616 ,- 13.2855 ,- 19.6011 ,- 36.0822 ,- 41.8587 ,- 46.0800 ,- 49.0028 ,- 50.3704 ,- 51.3107 ,- 49.2921 ,- 48.2071 ,- 45.0148 ,- 41.6219 ,- 139.6176 ,- 170.8505 ,- 152.5941 ,- 143.5398 ,- 122.3277 ,- 107.5792 ,- 96.4044 ,- 103.8181 ,- 98.4428 ,- 93.2844 ,- 82.2642 ,- 79.8313 ,- 64.4055 ,- 52.3102 ,- 42.4734 ,- 35.5956 , 20.7748 ,
03-13-2020 ,12:10:53 ,       9015.743, 250  ,            10  , 32  , 111  ,- 13.5321 , 9.4849 ,- 9.7019 ,- 15.7874 ,- 21.2811 ,- 38.2488 ,- 43.8345 ,- 47.8718 ,- 50.3606 ,- 51.5672 ,- 52.1129 ,- 50.5776 ,- 49.1014 ,- 46.4022 ,- 44.1863 ,- 136.6850 ,- 169.7689 ,- 151.6439 ,- 141.0050 ,- 118.4713 ,- 107.4839 ,- 96.0132 ,- 103.2198 ,- 99.2187 ,- 92.6072 ,- 82.9315 ,- 79.6439 ,- 64.8921 ,- 52.4910 ,- 42.3748 ,- 36.8844 , 20.2948 ,
03-13-2020 ,12:10:54 ,       9016.229, 250  ,            10  , 32  , 111  ,- 9.1825 , 9.1989 ,- 9.9123 ,- 15.4981 ,- 20.3901 ,- 36.8713 ,- 41.7600 ,- 46.3792 ,- 48.7135 ,- 50.4724 ,- 50.9096 ,- 49.1935 ,- 47.4115 ,- 44.5217 ,- 41.2406 ,- 132.7760 ,- 169.3776 ,- 151.8313 ,- 138.0823 ,- 120.4899 ,- 109.9431 ,- 97.5814 ,- 105.2088 ,- 99.9913 ,- 94.7376 ,- 83.5957 ,- 81.0543 ,- 65.3820 ,- 53.4017 ,- 43.0685 ,- 35.3984 , 21.4455 ,
03-13-2020 ,12:10:54 ,       9016.737, 250  ,            10  , 32  , 111  ,- 11.8521 , 11.1945 ,- 7.3019 ,- 13.9562 ,- 19.8970 ,- 35.7863 ,- 41.2669 ,- 45.2844 ,- 47.6482 ,- 49.0751 ,- 49.8050 ,- 48.0099 ,- 46.8165 ,- 43.9266 ,- 41.1452 ,- 134.9261 ,- 167.8061 ,- 149.8357 ,- 138.1776 ,- 118.4713 ,- 106.4450 ,- 94.9316 ,- 102.0264 ,- 97.9628 ,- 91.9299 ,- 82.2642 ,- 79.1737 ,- 64.4055 ,- 52.3989 ,- 42.3748 ,- 34.9019 , 21.5408 ,
03-13-2020 ,12:10:55 ,       9017.228, 250  ,            10  , 32  , 111  ,- 14.5217 , 10.1490 ,- 7.1967 ,- 13.5715 ,- 19.6997 ,- 36.5754 ,- 42.0559 ,- 46.2806 ,- 49.1967 ,- 50.5710 ,- 51.3107 ,- 49.8871 ,- 48.5030 ,- 45.4093 ,- 42.7628 ,- 130.2346 ,- 162.2105 ,- 145.0817 ,- 132.8187 ,- 112.5107 ,- 103.2296 ,- 92.2817 ,- 99.3436 ,- 94.0932 ,- 89.0236 ,- 78.7496 ,- 75.7940 ,- 60.7891 ,- 49.2165 ,- 39.9913 ,- 34.6060 , 20.6795 ,
03-13-2020 ,12:10:55 ,       9017.77, 250  ,             10  , 32  , 111  ,- 9.0838 , 10.7211 ,- 9.0773 ,- 15.0181 ,- 20.5907 ,- 37.3644 ,- 43.2395 ,- 47.1748 ,- 49.4861 ,- 50.7715 ,- 51.7118 ,- 49.5880 ,- 48.1085 ,- 45.2121 ,- 42.6674 ,- 133.9497 ,- 169.6702 ,- 151.8313 ,- 138.0823 ,- 118.9973 ,- 109.0916 ,- 96.7990 ,- 103.8181 ,- 99.7020 ,- 93.2844 ,- 83.2143 ,- 80.5842 ,- 64.9907 ,- 53.2209 ,- 42.6707 ,- 35.8948 , 20.6795 ,
03-13-2020 ,12:10:56 ,       9018.251, 250  ,            10  , 32  , 111  ,- 20.1600 , 13.4729 ,- 3.7512 ,- 11.2636 ,- 18.1151 ,- 34.2082 ,- 39.8828 ,- 44.4888 ,- 47.3589 ,- 48.8745 ,- 49.6044 ,- 48.3058 ,- 47.1124 ,- 44.0252 ,- 41.3359 ,- 144.0132 ,- 171.9289 ,- 153.4489 ,- 147.1464 ,- 124.8691 ,- 105.4981 ,- 96.2072 ,- 103.8181 ,- 98.3475 ,- 93.2844 ,- 82.3595 ,- 79.2691 ,- 64.2083 ,- 52.4910 ,- 42.2729 ,- 35.1025 , 22.6915 ,
03-13-2020 ,12:10:56 ,       9018.768, 250  ,            10  , 32  , 111  ,- 10.6652 , 11.0992 ,- 7.4038 ,- 13.9562 ,- 19.5025 ,- 35.0959 ,- 40.9710 ,- 44.8866 ,- 47.5496 ,- 48.7759 ,- 49.3052 ,- 47.5135 ,- 45.7217 ,- 42.9370 ,- 40.1951 ,- 134.1436 ,- 167.5135 ,- 149.7404 ,- 139.0554 ,- 122.9425 ,- 106.2543 ,- 94.9316 ,- 102.8220 ,- 98.5414 ,- 92.2192 ,- 82.2642 ,- 79.9266 ,- 65.0893 ,- 52.4910 ,- 42.5721 ,- 34.8033 , 22.9775 ,
03-13-2020 ,12:10:57 ,       9019.276, 250  ,            10  , 32  , 111  ,- 14.8208 , 12.2400 ,- 6.1512 ,- 13.1869 ,- 19.4038 ,- 35.1945 ,- 41.0696 ,- 45.2844 ,- 47.6482 ,- 49.1737 ,- 49.6044 ,- 48.4044 ,- 47.4115 ,- 43.9266 ,- 41.3359 ,- 139.9102 ,- 173.2045 ,- 154.7803 ,- 143.4412 ,- 122.5053 ,- 108.2401 ,- 97.3875 ,- 105.5080 ,- 100.1853 ,- 94.9316 ,- 83.8817 ,- 80.7716 ,- 65.1847 ,- 53.3096 ,- 42.7693 ,- 35.6943 , 20.8701 ,
03-13-2020 ,12:10:57 ,       9019.778, 250  ,            10  , 32  , 111  ,- 11.1584 , 7.8707 ,- 10.7441 ,- 16.5534 ,- 21.1825 ,- 38.1534 ,- 43.4400 ,- 47.6713 ,- 49.8740 ,- 51.1693 ,- 51.6099 ,- 50.0811 ,- 48.6017 ,- 45.4093 ,- 42.9502 ,- 131.4083 ,- 165.3535 ,- 148.4121 ,- 136.7179 ,- 119.3491 ,- 106.6324 ,- 94.2444 ,- 101.8291 ,- 97.2855 ,- 91.5420 ,- 81.3140 ,- 79.6439 ,- 64.1096 ,- 51.9452 ,- 42.4734 ,- 35.6943 , 20.4888 ,
03-13-2020 ,12:10:58 ,       9020.255, 250  ,            10  , 32  , 111  ,- 15.7118 , 9.1069 ,- 7.9266 ,- 13.9562 ,- 19.5025 ,- 34.8000 ,- 40.3792 ,- 44.4888 ,- 47.0663 ,- 48.5754 ,- 49.3052 ,- 48.1085 ,- 47.1124 ,- 44.0252 ,- 41.1452 ,- 133.5584 ,- 166.6291 ,- 149.4576 ,- 136.2280 ,- 116.1042 ,- 106.9151 ,- 95.0302 ,- 102.3255 ,- 97.4795 ,- 92.7058 ,- 81.9814 ,- 78.7036 ,- 64.1096 ,- 53.0367 ,- 42.8713 ,- 35.2997 , 20.6795 ,
03-13-2020 ,12:10:58 ,       9020.759, 250  ,            10  , 32  , 111  ,- 5.3227 , 8.6301 ,- 11.2669 ,- 16.8427 ,- 21.3797 ,- 38.0548 ,- 43.0455 ,- 46.9776 ,- 49.3907 ,- 50.4724 ,- 50.9096 ,- 49.1935 ,- 47.4115 ,- 44.2225 ,- 41.5266 ,- 127.6932 ,- 163.4861 ,- 145.9398 ,- 133.2066 ,- 118.3858 ,- 105.3107 ,- 93.0674 ,- 101.0335 ,- 96.6083 ,- 90.6707 ,- 80.7452 ,- 78.3288 ,- 62.9392 ,- 51.4915 ,- 41.2833 ,- 34.4055 , 21.2548 ,
03-13-2020 ,12:10:59 ,       9021.271, 250  ,            10  , 32  , 111  ,- 14.4230 , 11.6712 ,- 6.1512 ,- 12.8022 ,- 19.1047 ,- 34.7014 ,- 40.4778 ,- 44.4888 ,- 47.3589 ,- 48.6740 ,- 49.3052 ,- 47.8126 ,- 46.8165 ,- 43.8280 ,- 41.9047 ,- 136.4877 ,- 168.2006 ,- 150.0264 ,- 140.5184 ,- 120.5754 ,- 105.2154 ,- 93.7546 ,- 102.0264 ,- 97.1869 ,- 91.5420 ,- 81.0313 ,- 77.2011 ,- 62.4493 ,- 51.2187 ,- 41.2833 ,- 35.2997 , 21.0641 ,
03-13-2020 ,12:10:59 ,       9021.806, 250  ,            10  , 32  , 111  ,- 14.5217 , 12.5260 ,- 5.3162 ,- 12.8022 ,- 19.0060 ,- 34.7014 ,- 40.6751 ,- 44.8866 ,- 47.4543 ,- 48.6740 ,- 49.3052 ,- 48.2071 ,- 46.4187 ,- 43.4334 ,- 40.7671 ,- 136.6850 ,- 168.5919 ,- 150.5984 ,- 139.9332 ,- 119.2603 ,- 105.6855 ,- 94.4417 ,- 102.2236 ,- 97.2855 ,- 91.4466 ,- 80.8406 ,- 78.5162 ,- 63.9156 ,- 51.6724 ,- 41.5792 ,- 34.4055 , 22.3069 ,
03-13-2020 ,12:11:00 ,       9022.239, 250  ,            10  , 32  , 111  ,- 17.6877 , 12.1447 ,- 5.2142 ,- 12.2236 ,- 18.8088 ,- 34.6028 ,- 40.2806 ,- 44.3902 ,- 47.3589 ,- 48.4767 ,- 49.2033 ,- 47.6121 ,- 46.6159 ,- 43.9266 ,- 41.4313 ,- 137.6614 ,- 166.6291 ,- 148.8856 ,- 141.1990 ,- 120.5754 ,- 103.5124 ,- 93.9485 ,- 101.5299 ,- 97.0916 ,- 91.0587 ,- 81.2220 ,- 77.5792 ,- 62.8406 ,- 51.3107 ,- 41.4806 ,- 35.2011 , 20.5841 ,
03-13-2020 ,12:11:01 ,       9022.81, 250  ,             10  , 32  , 111  ,- 18.7759 , 12.9041 ,- 4.9019 ,- 12.6115 ,- 18.9074 ,- 35.2932 ,- 40.9710 ,- 45.4850 ,- 47.9376 ,- 49.3743 ,- 50.1074 ,- 48.7003 ,- 47.3129 ,- 44.1239 ,- 41.0499 ,- 139.0291 ,- 166.4319 ,- 148.7902 ,- 141.9782 ,- 124.9579 ,- 102.4735 ,- 93.3633 ,- 100.8329 ,- 95.8324 ,- 90.5721 ,- 80.0811 ,- 77.9540 ,- 62.7420 ,- 50.4921 ,- 41.6778 ,- 34.8033 , 21.5408 ,
03-13-2020 ,12:11:01 ,       9023.326, 250  ,            10  , 32  , 111  ,- 11.5562 , 9.2943 ,- 9.3896 ,- 15.2088 ,- 20.0943 ,- 36.4767 ,- 42.1545 ,- 46.2806 ,- 48.5195 ,- 49.4729 ,- 50.1074 ,- 48.7003 ,- 47.6088 ,- 44.3211 ,- 41.8093 ,- 132.5787 ,- 166.5305 ,- 149.2669 ,- 136.7179 ,- 118.4713 ,- 106.8231 ,- 95.1288 ,- 103.0192 ,- 98.3475 ,- 92.8011 ,- 82.6455 ,- 79.4565 ,- 64.9907 ,- 53.6745 ,- 43.3677 ,- 35.6943 , 20.4888 ,
03-13-2020 ,12:11:01 ,       9023.804, 250  ,            10  , 32  , 111  ,- 7.6011 , 10.7211 ,- 7.9266 ,- 14.3441 ,- 19.3052 ,- 35.3918 ,- 40.9710 ,- 45.0839 ,- 47.7469 ,- 49.1737 ,- 49.9069 ,- 48.5030 ,- 46.7145 ,- 43.6307 ,- 40.1951 ,- 131.1157 ,- 167.3163 ,- 149.8357 ,- 135.8401 ,- 120.7497 ,- 108.8055 ,- 96.2072 ,- 104.3146 ,- 99.0247 ,- 93.7677 ,- 83.0269 ,- 80.6762 ,- 65.0893 ,- 52.4910 ,- 42.7693 ,- 34.5074 , 21.4455 ,
03-13-2020 ,12:11:02 ,       9024.247, 250  ,            10  , 32  , 111  ,- 11.9507 , 11.2899 ,- 7.6143 ,- 14.0548 ,- 19.7984 ,- 35.7863 ,- 41.3655 ,- 45.4850 ,- 47.9376 ,- 49.4729 ,- 49.9069 ,- 48.3058 ,- 46.9151 ,- 43.6307 ,- 41.0499 ,- 136.7803 ,- 170.9458 ,- 152.0253 ,- 140.7124 ,- 123.6428 ,- 107.2965 ,- 96.0132 ,- 103.6176 ,- 99.2187 ,- 93.1891 ,- 83.4050 ,- 79.8313 ,- 64.8921 ,- 52.9480 ,- 42.6707 ,- 35.7962 , 20.4888 ,
03-13-2020 ,12:11:02 ,       9024.762, 250  ,            10  , 32  , 111  ,- 18.3814 , 13.1901 ,- 4.4844 ,- 12.3222 ,- 19.0060 ,- 35.6877 ,- 41.6614 ,- 46.0800 ,- 49.0028 ,- 49.9726 ,- 51.6099 ,- 49.7885 ,- 48.3058 ,- 44.9162 ,- 41.4313 ,- 141.4719 ,- 171.8302 ,- 153.2615 ,- 143.5398 ,- 116.8077 ,- 106.2543 ,- 95.9146 ,- 103.4203 ,- 97.7688 ,- 92.8011 ,- 81.5047 ,- 78.8910 ,- 63.9156 ,- 51.9452 ,- 42.3748 ,- 35.4970 , 21.2548 ,
03-13-2020 ,12:11:03 ,       9025.252, 250  ,            10  , 32  , 111  ,- 13.4334 , 9.3896 ,- 8.6564 ,- 14.6301 ,- 19.7984 ,- 35.7863 ,- 41.3655 ,- 45.3830 ,- 47.6482 ,- 49.3743 ,- 50.1074 ,- 48.8976 ,- 47.2110 ,- 44.5217 ,- 42.0954 ,- 135.3173 ,- 169.2790 ,- 151.4532 ,- 138.4702 ,- 119.0861 ,- 107.7666 ,- 95.5201 ,- 103.0192 ,- 98.5414 ,- 92.2192 ,- 82.6455 ,- 79.5485 ,- 64.6981 ,- 52.6751 ,- 42.0756 ,- 35.3984 , 23.4575 ,
03-13-2020 ,12:11:03 ,       9025.793, 250  ,            10  , 32  , 111  ,- 18.0822 , 12.0493 ,- 5.0038 ,- 12.3222 ,- 18.7101 ,- 34.9973 ,- 40.3792 ,- 44.8866 ,- 47.6482 ,- 49.1737 ,- 49.6044 ,- 48.4044 ,- 47.2110 ,- 44.0252 ,- 41.3359 ,- 139.5190 ,- 169.2790 ,- 150.8845 ,- 143.4412 ,- 123.9058 ,- 104.6466 ,- 95.2274 ,- 103.1212 ,- 97.4795 ,- 92.6072 ,- 81.6000 ,- 78.7036 ,- 63.4258 ,- 51.3995 ,- 41.3819 ,- 35.2997 , 21.7315 ,
03-13-2020 ,12:11:04 ,       9026.276, 250  ,            10  , 32  , 111  ,- 9.9748 , 9.1989 ,- 10.2247 ,- 15.7874 ,- 20.3901 ,- 36.9699 ,- 42.2532 ,- 46.5765 ,- 48.9074 ,- 50.3704 ,- 51.1102 ,- 49.4893 ,- 48.1085 ,- 44.9162 ,- 42.0033 ,- 130.8231 ,- 165.7448 ,- 148.5075 ,- 135.9387 ,- 120.3124 ,- 106.6324 ,- 95.2274 ,- 102.5228 ,- 98.5414 ,- 92.5085 ,- 83.0269 ,- 79.6439 ,- 64.7935 ,- 52.8559 ,- 42.6707 ,- 35.8948 , 21.2548 ,
03-13-2020 ,12:11:04 ,       9026.786, 250  ,            10  , 32  , 111  ,- 11.6548 , 11.1945 ,- 7.4038 ,- 13.6669 ,- 19.2033 ,- 35.5891 ,- 40.9710 ,- 45.0839 ,- 47.8422 ,- 48.8745 ,- 50.1074 ,- 48.6017 ,- 46.9151 ,- 44.1239 ,- 41.0499 ,- 134.9261 ,- 168.8878 ,- 150.5984 ,- 138.3749 ,- 120.0494 ,- 106.4450 ,- 95.7173 ,- 103.2198 ,- 98.0581 ,- 92.8011 ,- 81.8861 ,- 79.0784 ,- 63.8170 ,- 52.3102 ,- 42.3748 ,- 35.1025 , 20.7748 ,
03-13-2020 ,12:11:05 ,       9027.296, 250  ,            10  , 32  , 111  ,- 23.0301 , 11.9540 ,- 4.0636 ,- 11.6482 ,- 18.4110 ,- 33.8137 ,- 39.4915 ,- 43.8904 ,- 46.9710 ,- 48.1776 ,- 48.9041 ,- 47.5135 ,- 46.2181 ,- 43.4334 ,- 41.5266 ,- 140.0056 ,- 168.3946 ,- 150.5031 ,- 139.8346 ,- 114.2664 ,- 104.3639 ,- 93.0674 ,- 100.2379 ,- 96.2203 ,- 89.7962 ,- 79.9858 ,- 77.0137 ,- 61.9628 ,- 50.3080 ,- 40.8855 ,- 34.4055 , 21.5408 ,
03-13-2020 ,12:11:05 ,       9027.769, 250  ,            10  , 32  , 111  ,- 19.0718 , 12.6214 ,- 4.3792 ,- 11.6482 ,- 18.4110 ,- 33.9123 ,- 39.9814 ,- 44.0910 ,- 46.8724 ,- 47.9770 ,- 49.4039 ,- 47.7107 ,- 46.7145 ,- 43.8280 ,- 41.5266 ,- 140.1042 ,- 169.8675 ,- 151.3579 ,- 141.6888 ,- 115.2297 ,- 105.2154 ,- 93.6559 ,- 101.1321 ,- 95.8324 ,- 90.5721 ,- 79.9858 ,- 76.9217 ,- 61.4729 ,- 49.8543 ,- 40.3891 ,- 35.0006 , 21.4455 ,
03-13-2020 ,12:11:06 ,       9028.274, 250  ,            10  , 32  , 111  ,- 9.0838 , 9.8663 ,- 8.4493 ,- 14.4395 ,- 19.6997 ,- 35.7863 ,- 41.6614 ,- 45.6822 ,- 48.2269 ,- 49.6735 ,- 50.4066 ,- 48.8976 ,- 47.4115 ,- 44.4230 ,- 41.4313 ,- 131.8949 ,- 167.4116 ,- 149.9310 ,- 136.2280 ,- 117.8598 ,- 107.5792 ,- 94.9316 ,- 102.5228 ,- 98.3475 ,- 91.7359 ,- 81.3140 ,- 79.1737 ,- 63.6230 ,- 51.3995 ,- 41.1814 ,- 34.7047 , 21.2548 ,
03-13-2020 ,12:11:07 ,       9028.836, 250  ,            10  , 32  , 111  ,- 12.9403 , 11.5759 ,- 6.7792 ,- 13.3808 ,- 19.4038 ,- 34.6028 ,- 40.9710 ,- 44.8866 ,- 47.4543 ,- 48.9765 ,- 49.7063 ,- 48.4044 ,- 47.0137 ,- 44.0252 ,- 41.3359 ,- 136.6850 ,- 169.4763 ,- 150.7891 ,- 140.3245 ,- 119.5234 ,- 106.1590 ,- 95.4247 ,- 103.1212 ,- 98.0581 ,- 92.6072 ,- 81.9814 ,- 78.8910 ,- 63.6230 ,- 52.3989 ,- 42.0756 ,- 35.4970 , 20.0088 ,
03-13-2020 ,12:11:07 ,       9029.278, 250  ,            10  , 32  , 111  ,- 22.5337 , 9.6756 ,- 6.6740 ,- 13.2855 ,- 19.6997 ,- 35.6877 ,- 41.4641 ,- 45.7808 ,- 48.3255 ,- 49.7721 ,- 50.5085 ,- 49.1935 ,- 47.8093 ,- 45.1134 ,- 42.1907 ,- 139.7130 ,- 169.4763 ,- 151.6439 ,- 139.9332 ,- 114.4406 ,- 107.0105 ,- 94.7376 ,- 101.6285 ,- 97.2855 ,- 91.0587 ,- 80.9359 ,- 78.4241 ,- 63.1332 ,- 50.8537 ,- 41.9770 ,- 35.2997 , 21.0641 ,
03-13-2020 ,12:11:07 ,       9029.787, 250  ,            10  , 32  , 111  ,- 15.1167 , 10.8164 ,- 6.9896 ,- 13.5715 ,- 19.4038 ,- 35.3918 ,- 40.8724 ,- 45.0839 ,- 47.7469 ,- 49.1737 ,- 49.9069 ,- 48.4044 ,- 47.3129 ,- 44.3211 ,- 41.6219 ,- 134.8275 ,- 165.9420 ,- 149.1716 ,- 137.9836 ,- 115.0521 ,- 105.5935 ,- 94.3431 ,- 101.7272 ,- 96.8022 ,- 91.7359 ,- 81.1266 ,- 77.3918 ,- 63.0346 ,- 51.4915 ,- 40.8855 ,- 35.1025 , 21.0641 ,
03-13-2020 ,12:11:08 ,       9030.31, 250  ,             10  , 32  , 111  ,- 14.6236 , 12.4307 ,- 5.8389 ,- 13.1869 ,- 19.3052 ,- 35.1945 ,- 41.1682 ,- 45.5836 ,- 48.0362 ,- 49.2724 ,- 50.0055 ,- 48.6017 ,- 46.9151 ,- 43.5321 ,- 40.9545 ,- 138.8318 ,- 171.3404 ,- 152.4034 ,- 142.8560 ,- 124.1688 ,- 106.6324 ,- 95.8159 ,- 103.7162 ,- 98.8307 ,- 92.8011 ,- 82.2642 ,- 79.8313 ,- 64.5995 ,- 52.2181 ,- 42.8713 ,- 35.5956 , 20.9655 ,
03-13-2020 ,12:11:08 ,       9030.787, 250  ,            10  , 32  , 111  ,- 12.9403 , 11.6712 ,- 6.7792 ,- 13.5715 ,- 19.5025 ,- 35.5891 ,- 41.2669 ,- 45.4850 ,- 47.9376 ,- 49.4729 ,- 50.4066 ,- 48.7989 ,- 47.7107 ,- 44.7189 ,- 42.0954 ,- 136.7803 ,- 171.3404 ,- 152.5941 ,- 139.7393 ,- 120.8384 ,- 108.1447 ,- 96.3058 ,- 104.0154 ,- 99.4127 ,- 93.6724 ,- 83.1189 ,- 79.6439 ,- 64.4055 ,- 52.8559 ,- 42.8713 ,- 36.1907 , 21.5408 ,
03-13-2020 ,12:11:09 ,       9031.313, 250  ,            10  , 32  , 111  ,- 10.6652 , 10.7211 ,- 7.8247 ,- 13.9562 ,- 19.4038 ,- 35.1945 ,- 41.2669 ,- 45.3830 ,- 48.0362 ,- 49.7721 ,- 50.1074 ,- 48.7003 ,- 47.0137 ,- 44.1239 ,- 41.1452 ,- 135.1201 ,- 170.4560 ,- 151.9299 ,- 139.0554 ,- 120.7497 ,- 107.9573 ,- 95.8159 ,- 103.8181 ,- 98.6401 ,- 92.7058 ,- 82.2642 ,- 80.1140 ,- 64.1096 ,- 51.9452 ,- 42.1743 ,- 34.9019 , 21.8301 ,
03-13-2020 ,12:11:09 ,       9031.777, 250  ,            10  , 32  , 111  ,- 13.6307 , 10.8164 ,- 7.5090 ,- 13.3808 ,- 19.6011 ,- 35.2932 ,- 41.0696 ,- 45.1858 ,- 47.8422 ,- 49.3743 ,- 50.3080 ,- 48.1085 ,- 47.5102 ,- 44.7189 ,- 42.4767 ,- 136.3924 ,- 169.5749 ,- 151.1672 ,- 140.6138 ,- 117.0707 ,- 106.6324 ,- 95.3261 ,- 103.1212 ,- 98.2521 ,- 92.2192 ,- 81.6000 ,- 78.7036 ,- 63.7184 ,- 52.2181 ,- 41.5792 ,- 35.4970 , 20.9655 ,
03-13-2020 ,12:11:10 ,       9032.299, 250  ,            10  , 32  , 111  ,- 15.9090 , 13.0948 ,- 4.2740 ,- 11.8422 ,- 18.0164 ,- 34.2082 ,- 39.5902 ,- 43.8904 ,- 47.0663 ,- 48.6740 ,- 49.2033 ,- 48.0099 ,- 46.5173 ,- 43.5321 ,- 40.2904 ,- 138.9338 ,- 170.3573 ,- 152.3080 ,- 142.4680 ,- 119.6121 ,- 106.3496 ,- 95.5201 ,- 103.1212 ,- 97.9628 ,- 92.3179 ,- 81.5047 ,- 79.1737 ,- 63.9156 ,- 52.2181 ,- 42.7693 ,- 34.8033 , 22.5929 ,
03-13-2020 ,12:11:11 ,       9032.81, 250  ,             10  , 32  , 111  ,- 8.8866 , 9.1989 ,- 10.2247 ,- 15.6888 ,- 20.5907 ,- 36.6740 ,- 42.2532 ,- 46.2806 ,- 48.3255 ,- 49.7721 ,- 50.5085 ,- 48.9962 ,- 47.7107 ,- 44.6203 ,- 42.1907 ,- 132.6773 ,- 168.1020 ,- 150.4077 ,- 137.1058 ,- 118.4713 ,- 108.9962 ,- 96.1118 ,- 104.5118 ,- 99.8959 ,- 93.8663 ,- 83.5003 ,- 80.0187 ,- 64.6981 ,- 53.0367 ,- 41.6778 ,- 35.2997 , 21.5408 ,
03-13-2020 ,12:11:11 ,       9033.315, 250  ,            10  , 32  , 111  ,- 17.7863 , 11.0992 ,- 6.6740 ,- 13.3808 ,- 19.6011 ,- 36.3781 ,- 42.1545 ,- 46.2806 ,- 49.3907 ,- 50.7715 ,- 51.5113 ,- 49.8871 ,- 48.7036 ,- 45.5080 ,- 42.0954 ,- 142.4483 ,- 175.5617 ,- 156.6839 ,- 145.9760 ,- 125.3951 ,- 110.6039 ,- 99.6428 ,- 107.6943 ,- 102.1184 ,- 96.7727 ,- 85.4006 ,- 83.1189 ,- 67.2395 ,- 54.9502 ,- 44.8537 ,- 36.6871 , 20.1995 ,
03-13-2020 ,12:11:11 ,       9033.8, 250  ,              10  , 32  , 111  ,- 13.1375 , 11.5759 ,- 8.0318 ,- 14.8241 ,- 19.9956 ,- 36.4767 ,- 42.7496 ,- 46.6751 ,- 49.0028 ,- 50.5710 ,- 51.4093 ,- 49.6899 ,- 48.3058 ,- 45.2121 ,- 42.8581 ,- 138.8318 ,- 172.8132 ,- 153.9256 ,- 142.7606 ,- 123.6428 ,- 108.2401 ,- 97.3875 ,- 105.1102 ,- 100.8625 ,- 94.6422 ,- 84.8318 ,- 81.0543 ,- 65.6746 ,- 53.9474 ,- 43.0685 ,- 36.4899 , 20.7748 ,
03-13-2020 ,12:11:12 ,       9034.277, 250  ,            10  , 32  , 111  ,- 17.0959 , 12.4307 ,- 5.4214 ,- 13.0915 ,- 19.6011 ,- 36.2795 ,- 42.2532 ,- 46.6751 ,- 49.5847 ,- 50.8702 ,- 52.1129 ,- 50.0811 ,- 48.7036 ,- 45.6066 ,- 42.5721 ,- 140.9853 ,- 172.2247 ,- 153.8302 ,- 143.6351 ,- 124.9579 ,- 106.3496 ,- 95.8159 ,- 103.6176 ,- 98.5414 ,- 92.8965 ,- 81.8861 ,- 79.3611 ,- 63.2318 ,- 51.6724 ,- 41.9770 ,- 35.7962 , 21.0641 ,
03-13-2020 ,12:11:12 ,       9034.773, 250  ,            10  , 32  , 111  ,- 17.7863 , 10.6258 ,- 7.4038 ,- 13.9562 ,- 19.8970 ,- 36.2795 ,- 41.9573 ,- 45.6822 ,- 49.0028 ,- 49.9726 ,- 50.9096 ,- 49.2921 ,- 47.9080 ,- 45.0148 ,- 42.9502 ,- 137.8554 ,- 167.7075 ,- 149.7404 ,- 140.2258 ,- 116.0187 ,- 105.8762 ,- 93.9485 ,- 101.7272 ,- 97.2855 ,- 91.2494 ,- 81.6954 ,- 78.6115 ,- 64.4055 ,- 52.7639 ,- 42.6707 ,- 35.4970 , 20.8701 ,
03-13-2020 ,12:11:13 ,       9035.283, 250  ,            10  , 32  , 111  ,- 12.9403 , 11.1945 ,- 7.4038 ,- 14.1501 ,- 19.6997 ,- 35.7863 ,- 41.1682 ,- 45.6822 ,- 48.2269 ,- 49.2724 ,- 50.0055 ,- 48.5030 ,- 47.0137 ,- 44.2225 ,- 41.0499 ,- 135.1201 ,- 167.5135 ,- 149.1716 ,- 138.7628 ,- 117.4192 ,- 105.1201 ,- 94.6390 ,- 102.1250 ,- 96.8022 ,- 91.6373 ,- 80.9359 ,- 78.3288 ,- 62.7420 ,- 51.5836 ,- 41.7765 ,- 35.0006 , 21.6362 ,
03-13-2020 ,12:11:14 ,       9035.814, 250  ,            10  , 32  , 111  ,- 13.7293 , 11.1945 ,- 6.7792 ,- 13.3808 ,- 19.3052 ,- 35.5891 ,- 41.1682 ,- 45.7808 ,- 47.9376 ,- 49.0751 ,- 49.8050 ,- 48.1085 ,- 47.1124 ,- 44.1239 ,- 42.0954 ,- 135.8039 ,- 167.9048 ,- 149.3623 ,- 139.5420 ,- 117.7710 ,- 104.9294 ,- 93.7546 ,- 101.8291 ,- 97.5748 ,- 91.3480 ,- 81.5047 ,- 78.5162 ,- 63.7184 ,- 51.8532 ,- 41.6778 ,- 35.2011 , 20.7748 ,
03-13-2020 ,12:11:14 ,       9036.278, 250  ,            10  , 32  , 111  ,- 6.6082 , 10.9085 ,- 7.7195 ,- 14.3441 ,- 19.2033 ,- 35.1945 ,- 40.4778 ,- 44.7847 ,- 47.4543 ,- 48.9765 ,- 49.7063 ,- 48.3058 ,- 46.8165 ,- 44.1239 ,- 41.0499 ,- 128.9655 ,- 165.5508 ,- 149.1716 ,- 135.6428 ,- 119.9639 ,- 108.2401 ,- 96.7003 ,- 104.6138 ,- 99.7020 ,- 93.9650 ,- 83.1189 ,- 80.1140 ,- 64.4055 ,- 52.3102 ,- 41.5792 ,- 35.0006 , 22.4022 ,
03-13-2020 ,12:11:14 ,       9036.796, 250  ,            10  , 32  , 111  ,- 16.9973 , 14.5184 ,- 4.2740 ,- 12.3222 ,- 19.1047 ,- 35.2932 ,- 41.3655 ,- 45.6822 ,- 48.2269 ,- 49.9726 ,- 50.7091 ,- 48.9962 ,- 47.7107 ,- 44.6203 ,- 42.2860 ,- 141.2779 ,- 172.3201 ,- 153.6395 ,- 143.8324 ,- 119.0861 ,- 107.2012 ,- 95.8159 ,- 103.8181 ,- 99.1233 ,- 92.8011 ,- 82.9315 ,- 80.3968 ,- 65.1847 ,- 52.9480 ,- 42.4734 ,- 35.2011 , 21.9255 ,
03-13-2020 ,12:11:15 ,       9037.322, 250  ,            10  , 32  , 111  ,- 9.7743 , 10.0570 ,- 9.8071 ,- 15.3041 ,- 20.5907 ,- 36.8713 ,- 42.3518 ,- 46.6751 ,- 49.0028 ,- 50.6729 ,- 51.4093 ,- 49.7885 ,- 48.4044 ,- 45.7085 ,- 42.8581 ,- 135.2187 ,- 169.7689 ,- 151.2625 ,- 140.3245 ,- 121.7162 ,- 107.2012 ,- 96.3058 ,- 103.9168 ,- 98.6401 ,- 93.5770 ,- 82.2642 ,- 79.3611 ,- 64.1096 ,- 52.4910 ,- 42.3748 ,- 35.9934 , 22.1162 ,
03-13-2020 ,12:11:15 ,       9037.784, 250  ,            10  , 32  , 111  ,- 14.8208 , 11.9540 ,- 6.1512 ,- 13.3808 ,- 19.5025 ,- 35.4904 ,- 41.5628 ,- 45.8795 ,- 48.2269 ,- 49.8740 ,- 50.6072 ,- 48.8976 ,- 47.4115 ,- 44.2225 ,- 41.7173 ,- 138.6379 ,- 170.2620 ,- 151.9299 ,- 142.5634 ,- 124.5206 ,- 106.0669 ,- 95.4247 ,- 102.8220 ,- 98.3475 ,- 92.0253 ,- 81.9814 ,- 79.5485 ,- 64.1096 ,- 52.1293 ,- 42.5721 ,- 35.4970 , 21.5408 ,
03-13-2020 ,12:11:16 ,       9038.322, 250  ,            10  , 32  , 111  ,- 10.0734 , 8.8208 ,- 9.7019 ,- 15.1134 ,- 20.0943 ,- 36.2795 ,- 41.4641 ,- 45.6822 ,- 48.2269 ,- 49.6735 ,- 50.5085 ,- 48.8976 ,- 47.8093 ,- 44.5217 ,- 41.6219 ,- 134.5349 ,- 170.7519 ,- 152.8801 ,- 138.6675 ,- 122.1535 ,- 111.0773 ,- 98.4658 ,- 106.1031 ,- 101.2505 ,- 95.8061 ,- 84.6411 ,- 81.5211 ,- 66.1611 ,- 54.4932 ,- 43.9628 ,- 35.7962 , 21.0641 ,
03-13-2020 ,12:11:16 ,       9038.781, 250  ,            10  , 32  , 111  ,- 12.4438 , 12.4307 ,- 6.5721 ,- 14.0548 ,- 19.8970 ,- 36.5754 ,- 42.6510 ,- 46.9776 ,- 49.7787 ,- 50.6729 ,- 51.3107 ,- 49.6899 ,- 48.0066 ,- 45.0148 ,- 42.5721 ,- 137.2702 ,- 170.7519 ,- 152.3080 ,- 140.6138 ,- 118.8231 ,- 108.2401 ,- 96.7003 ,- 104.1140 ,- 99.7020 ,- 93.2844 ,- 83.3096 ,- 80.7716 ,- 65.4773 ,- 53.1288 ,- 42.7693 ,- 35.6943 , 20.5841 ,
03-13-2020 ,12:11:17 ,       9039.31, 250  ,             10  , 32  , 111  ,- 12.3452 , 11.4806 ,- 7.1967 ,- 14.0548 ,- 19.6011 ,- 35.6877 ,- 41.2669 ,- 45.3830 ,- 48.1315 ,- 49.5748 ,- 50.1074 ,- 48.6017 ,- 47.6088 ,- 45.0148 ,- 41.8093 ,- 139.0291 ,- 173.2045 ,- 154.4976 ,- 142.1754 ,- 122.4165 ,- 108.0494 ,- 96.7990 ,- 104.4132 ,- 99.2187 ,- 93.5770 ,- 82.9315 ,- 79.4565 ,- 64.5009 ,- 52.9480 ,- 41.9770 ,- 35.3984 , 22.2115 ,
03-13-2020 ,12:11:18 ,       9039.84, 250  ,             10  , 32  , 111  ,- 9.5770 , 11.8586 ,- 7.5090 ,- 14.3441 ,- 19.7984 ,- 36.0822 ,- 41.5628 ,- 46.0800 ,- 48.5195 ,- 49.7721 ,- 50.4066 ,- 48.8976 ,- 47.5102 ,- 44.5217 ,- 41.7173 ,- 136.0012 ,- 171.0445 ,- 152.4034 ,- 140.6138 ,- 119.5234 ,- 106.4450 ,- 95.2274 ,- 102.5228 ,- 97.5748 ,- 91.4466 ,- 81.6000 ,- 79.0784 ,- 63.4258 ,- 51.0378 ,- 41.1814 ,- 34.8033 , 22.6915 ,
03-13-2020 ,12:11:18 ,       9040.327, 250  ,            10  , 32  , 111  ,- 10.4680 , 10.5304 ,- 8.3441 ,- 14.8241 ,- 20.2915 ,- 36.0822 ,- 41.6614 ,- 45.7808 ,- 48.4241 ,- 49.8740 ,- 50.4066 ,- 49.1935 ,- 47.8093 ,- 44.6203 ,- 42.1907 ,- 135.9025 ,- 171.9289 ,- 153.1661 ,- 140.9064 ,- 124.5206 ,- 109.0916 ,- 97.4828 ,- 105.5080 ,- 100.6685 ,- 95.0302 ,- 84.3551 ,- 80.9589 ,- 65.1847 ,- 53.4937 ,- 42.9699 ,- 36.1907 , 23.1682 ,
03-13-2020 ,12:11:18 ,       9040.792, 250  ,            10  , 32  , 111  ,- 11.3589 , 10.0570 ,- 8.6564 ,- 14.7288 ,- 19.9956 ,- 36.7726 ,- 42.2532 ,- 46.2806 ,- 48.7135 ,- 50.1732 ,- 50.5085 ,- 49.4893 ,- 47.8093 ,- 44.7189 ,- 41.8093 ,- 135.4127 ,- 170.1634 ,- 151.9299 ,- 140.0286 ,- 121.9792 ,- 107.7666 ,- 96.6017 ,- 104.2127 ,- 99.3140 ,- 93.4784 ,- 82.7409 ,- 80.8636 ,- 65.1847 ,- 52.9480 ,- 43.8608 ,- 35.9934 , 21.0641 ,
03-13-2020 ,12:11:19 ,       9041.315, 250  ,            10  , 32  , 111  ,- 10.1721 , 11.8586 ,- 6.8844 ,- 13.7655 ,- 19.7984 ,- 35.8850 ,- 41.7600 ,- 45.7808 ,- 48.5195 ,- 50.1732 ,- 50.6072 ,- 49.1935 ,- 47.9080 ,- 44.8176 ,- 42.1907 ,- 135.0214 ,- 170.3573 ,- 152.5941 ,- 138.8615 ,- 120.5754 ,- 108.8055 ,- 97.0916 ,- 104.7124 ,- 100.0899 ,- 94.0603 ,- 83.8817 ,- 79.9266 ,- 65.2833 ,- 53.7666 ,- 42.8713 ,- 35.2997 , 21.4455 ,
03-13-2020 ,12:11:20 ,       9041.826, 250  ,            10  , 32  , 111  ,- 14.4230 , 10.3397 ,- 6.7792 ,- 12.9962 ,- 19.1047 ,- 35.2932 ,- 40.9710 ,- 45.4850 ,- 48.4241 ,- 49.7721 ,- 50.9096 ,- 49.2921 ,- 47.8093 ,- 44.7189 ,- 41.9047 ,- 134.4362 ,- 168.5919 ,- 150.9765 ,- 138.6675 ,- 117.9453 ,- 107.0105 ,- 95.6187 ,- 103.2198 ,- 97.9628 ,- 92.6072 ,- 81.9814 ,- 79.9266 ,- 64.4055 ,- 52.3989 ,- 42.5721 ,- 35.2011 , 21.8301 ,
03-13-2020 ,12:11:20 ,       9042.305, 250  ,            10  , 32  , 111  ,- 13.5321 , 10.7211 ,- 7.5090 ,- 13.7655 ,- 19.9956 ,- 36.0822 ,- 42.0559 ,- 46.0800 ,- 48.7135 ,- 50.2718 ,- 51.0082 ,- 49.3907 ,- 48.2071 ,- 45.1134 ,- 42.4767 ,- 135.9025 ,- 169.6702 ,- 151.4532 ,- 139.5420 ,- 120.3124 ,- 107.0105 ,- 95.9146 ,- 103.8181 ,- 98.8307 ,- 92.7058 ,- 82.6455 ,- 78.8910 ,- 63.8170 ,- 52.4910 ,- 42.1743 ,- 36.3913 , 20.1995 ,
03-13-2020 ,12:11:21 ,       9042.819, 250  ,            10  , 32  , 111  ,- 16.2049 , 12.6214 ,- 6.2564 ,- 13.9562 ,- 19.8970 ,- 36.7726 ,- 42.1545 ,- 46.4778 ,- 49.0028 ,- 50.3704 ,- 51.4093 ,- 49.3907 ,- 47.9080 ,- 44.6203 ,- 42.4767 ,- 142.3530 ,- 172.9119 ,- 153.6395 ,- 144.7102 ,- 113.3886 ,- 105.9716 ,- 95.1288 ,- 102.2236 ,- 96.6083 ,- 91.1540 ,- 80.4625 ,- 77.7666 ,- 62.6466 ,- 51.1266 ,- 41.3819 ,- 35.4970 , 21.3501 ,
03-13-2020 ,12:11:21 ,       9043.292, 250  ,            10  , 32  , 111  ,- 8.1929 , 11.4806 ,- 7.8247 ,- 14.5348 ,- 20.0943 ,- 35.7863 ,- 41.7600 ,- 45.4850 ,- 47.8422 ,- 49.2724 ,- 50.1074 ,- 48.3058 ,- 46.8165 ,- 44.1239 ,- 41.3359 ,- 132.7760 ,- 168.7891 ,- 150.5031 ,- 137.0072 ,- 120.1381 ,- 108.1447 ,- 95.7173 ,- 103.7162 ,- 99.2187 ,- 93.1891 ,- 83.5003 ,- 79.9266 ,- 64.8921 ,- 53.2209 ,- 42.1743 ,- 35.0006 , 21.1595 ,
03-13-2020 ,12:11:22 ,       9043.849, 250  ,            10  , 32  , 111  ,- 9.7743 , 10.7211 ,- 7.9266 ,- 14.2455 ,- 19.6997 ,- 35.7863 ,- 41.0696 ,- 45.5836 ,- 48.1315 ,- 49.6735 ,- 50.3080 ,- 48.6017 ,- 47.3129 ,- 44.4230 ,- 41.4313 ,- 134.6335 ,- 170.4560 ,- 152.1206 ,- 138.1776 ,- 121.8017 ,- 108.1447 ,- 96.6017 ,- 104.7124 ,- 98.9294 ,- 93.9650 ,- 83.1189 ,- 80.3014 ,- 64.5009 ,- 52.4910 ,- 42.7693 ,- 35.4970 , 22.4022 ,
03-13-2020 ,12:11:22 ,       9044.352, 250  ,            10  , 32  , 111  ,- 16.5995 , 11.7633 ,- 5.8389 ,- 12.8975 ,- 19.1047 ,- 35.0959 ,- 41.1682 ,- 45.2844 ,- 47.7469 ,- 49.0751 ,- 49.9069 ,- 48.6017 ,- 47.3129 ,- 44.4230 ,- 42.0954 ,- 138.2499 ,- 169.9661 ,- 151.4532 ,- 141.3930 ,- 120.3124 ,- 106.1590 ,- 95.3261 ,- 102.7233 ,- 98.5414 ,- 92.6072 ,- 82.3595 ,- 79.1737 ,- 64.5995 ,- 52.7639 ,- 42.8713 ,- 35.6943 , 22.4022 ,
03-13-2020 ,12:11:23 ,       9044.854, 250  ,            10  , 32  , 111  ,- 13.5321 , 10.9085 ,- 7.7195 ,- 14.0548 ,- 20.0943 ,- 36.5754 ,- 41.9573 ,- 46.3792 ,- 49.1014 ,- 50.4724 ,- 51.2088 ,- 49.4893 ,- 48.0066 ,- 45.1134 ,- 42.4767 ,- 136.8790 ,- 167.1190 ,- 149.5530 ,- 140.4198 ,- 117.3338 ,- 103.5124 ,- 93.1661 ,- 100.8329 ,- 95.5431 ,- 90.0888 ,- 79.6077 ,- 76.5436 ,- 61.4729 ,- 49.8543 ,- 40.6882 ,- 34.8033 , 22.5929 ,
03-13-2020 ,12:11:23 ,       9045.333, 250  ,            10  , 32  , 111  ,- 9.9748 , 11.0038 ,- 8.1370 ,- 14.5348 ,- 20.0943 ,- 35.8850 ,- 41.9573 ,- 45.7808 ,- 48.1315 ,- 49.4729 ,- 49.9069 ,- 48.2071 ,- 47.0137 ,- 43.9266 ,- 41.6219 ,- 133.6538 ,- 168.2006 ,- 150.0264 ,- 138.2762 ,- 119.4379 ,- 106.1590 ,- 95.0302 ,- 102.7233 ,- 98.2521 ,- 92.1239 ,- 82.3595 ,- 79.1737 ,- 64.0143 ,- 52.3102 ,- 41.8784 ,- 35.3984 , 20.7748 ,
03-13-2020 ,12:11:24 ,       9045.826, 250  ,            10  , 32  , 111  ,- 11.7534 , 9.7710 ,- 8.3441 ,- 14.2455 ,- 19.7984 ,- 36.3781 ,- 41.9573 ,- 46.0800 ,- 48.7135 ,- 49.8740 ,- 50.8077 ,- 49.1935 ,- 47.9080 ,- 44.6203 ,- 42.0033 ,- 132.9699 ,- 167.1190 ,- 149.2669 ,- 136.8132 ,- 118.7343 ,- 106.4450 ,- 94.8329 ,- 102.2236 ,- 97.0916 ,- 91.8313 ,- 81.3140 ,- 78.5162 ,- 63.4258 ,- 52.1293 ,- 42.1743 ,- 35.2997 , 21.8301 ,
03-13-2020 ,12:11:24 ,       9046.318, 250  ,            10  , 32  , 111  ,- 19.8641 , 9.9584 ,- 7.6143 ,- 14.0548 ,- 20.0943 ,- 36.1808 ,- 42.1545 ,- 46.0800 ,- 48.4241 ,- 50.0713 ,- 51.0082 ,- 49.3907 ,- 48.0066 ,- 45.2121 ,- 43.1408 ,- 138.7365 ,- 167.3163 ,- 150.1217 ,- 141.7842 ,- 116.1929 ,- 104.4592 ,- 93.5573 ,- 101.0335 ,- 96.6083 ,- 89.9902 ,- 80.4625 ,- 77.8587 ,- 62.9392 ,- 51.3995 ,- 42.4734 ,- 35.2011 , 20.8701 ,
03-13-2020 ,12:11:25 ,       9046.836, 250  ,            10  , 32  , 111  ,- 15.3140 , 11.0992 ,- 6.5721 ,- 13.1869 ,- 19.1047 ,- 35.1945 ,- 40.8724 ,- 44.8866 ,- 48.0362 ,- 49.2724 ,- 50.7091 ,- 48.9962 ,- 47.6088 ,- 44.6203 ,- 42.2860 ,- 137.5628 ,- 170.1634 ,- 151.6439 ,- 141.1036 ,- 121.4532 ,- 106.6324 ,- 96.2072 ,- 104.3146 ,- 98.9294 ,- 93.6724 ,- 82.6455 ,- 79.3611 ,- 64.0143 ,- 52.3989 ,- 41.6778 ,- 35.5956 , 22.6915 ,
03-13-2020 ,12:11:25 ,       9047.347, 250  ,            10  , 32  , 111  ,- 17.2932 , 11.0992 ,- 7.0915 ,- 13.7655 ,- 19.7984 ,- 35.9836 ,- 41.8587 ,- 46.0800 ,- 48.4241 ,- 49.9726 ,- 50.6072 ,- 48.7003 ,- 47.1124 ,- 44.0252 ,- 41.0499 ,- 138.9338 ,- 170.2620 ,- 152.9754 ,- 141.1990 ,- 120.3124 ,- 108.4307 ,- 96.4044 ,- 103.8181 ,- 99.6066 ,- 93.3831 ,- 83.0269 ,- 80.4888 ,- 65.2833 ,- 52.7639 ,- 42.7693 ,- 34.9019 , 21.7315 ,
03-13-2020 ,12:11:26 ,       9047.854, 250  ,            10  , 32  , 111  ,- 17.2932 , 9.0115 ,- 8.5545 ,- 13.9562 ,- 19.9956 ,- 36.2795 ,- 41.5628 ,- 45.5836 ,- 48.1315 ,- 49.3743 ,- 50.2061 ,- 48.7989 ,- 47.6088 ,- 44.6203 ,- 42.1907 ,- 135.4127 ,- 166.2379 ,- 148.5075 ,- 139.3480 ,- 117.1562 ,- 105.2154 ,- 94.7376 ,- 101.9277 ,- 97.1869 ,- 92.4132 ,- 81.6000 ,- 78.2368 ,- 63.6230 ,- 52.1293 ,- 41.7765 ,- 35.5956 , 21.0641 ,
03-13-2020 ,12:11:26 ,       9048.363, 250  ,            10  , 32  , 111  ,- 14.3244 , 9.4849 ,- 9.1792 ,- 15.3995 ,- 20.8866 ,- 37.4630 ,- 43.5387 ,- 47.3721 ,- 49.7787 ,- 51.0707 ,- 51.6099 ,- 50.2784 ,- 48.7036 ,- 45.4093 ,- 42.2860 ,- 136.9776 ,- 169.5749 ,- 151.3579 ,- 139.3480 ,- 119.4379 ,- 107.6746 ,- 95.8159 ,- 103.5190 ,- 98.9294 ,- 93.2844 ,- 83.3096 ,- 81.0543 ,- 65.5759 ,- 54.2203 ,- 44.5578 ,- 35.6943 , 21.5408 ,
03-13-2020 ,12:11:27 ,       9048.814, 250  ,            10  , 32  , 111  ,- 14.9195 , 12.3353 ,- 5.8389 ,- 12.9962 ,- 19.5025 ,- 35.2932 ,- 41.3655 ,- 45.4850 ,- 48.2269 ,- 49.9726 ,- 50.5085 ,- 49.0948 ,- 48.2071 ,- 45.1134 ,- 42.3814 ,- 139.9102 ,- 172.7146 ,- 154.2116 ,- 143.4412 ,- 124.9579 ,- 108.7135 ,- 97.7787 ,- 105.4061 ,- 100.5732 ,- 94.6422 ,- 84.0724 ,- 80.3968 ,- 65.1847 ,- 53.5825 ,- 42.8713 ,- 35.5956 , 20.7748 ,
03-13-2020 ,12:11:27 ,       9049.354, 250  ,            10  , 32  , 111  ,- 14.2258 , 12.3353 ,- 6.3616 ,- 13.5715 ,- 19.6011 ,- 36.4767 ,- 41.9573 ,- 46.5765 ,- 49.1967 ,- 50.9688 ,- 51.4093 ,- 49.8871 ,- 48.1085 ,- 44.8176 ,- 42.1907 ,- 139.5190 ,- 173.2045 ,- 153.7349 ,- 142.5634 ,- 121.4532 ,- 107.3885 ,- 96.2072 ,- 103.7162 ,- 98.6401 ,- 92.9951 ,- 82.3595 ,- 79.7359 ,- 64.0143 ,- 52.2181 ,- 42.4734 ,- 35.8948 , 21.5408 ,
03-13-2020 ,12:11:28 ,       9049.809, 250  ,            10  , 32  , 111  ,- 15.7118 , 10.3397 ,- 8.2422 ,- 14.1501 ,- 20.1929 ,- 36.2795 ,- 41.7600 ,- 46.1819 ,- 48.4241 ,- 50.2718 ,- 50.8077 ,- 49.2921 ,- 48.2071 ,- 45.5080 ,- 42.9502 ,- 137.4642 ,- 170.4560 ,- 152.5941 ,- 140.9064 ,- 118.2083 ,- 108.0494 ,- 96.1118 ,- 103.4203 ,- 99.0247 ,- 93.0905 ,- 82.6455 ,- 78.7036 ,- 64.0143 ,- 52.3989 ,- 41.6778 ,- 35.8948 , 21.0641 ,
03-13-2020 ,12:11:28 ,       9050.371, 250  ,            10  , 32  , 111  ,- 14.2258 , 11.5759 ,- 6.7792 ,- 13.1869 ,- 19.4038 ,- 35.7863 ,- 41.2669 ,- 45.4850 ,- 47.8422 ,- 49.2724 ,- 50.0055 ,- 48.3058 ,- 47.0137 ,- 44.2225 ,- 41.6219 ,- 140.3015 ,- 173.5990 ,- 154.4023 ,- 141.9782 ,- 119.3491 ,- 107.3885 ,- 96.0132 ,- 103.2198 ,- 98.1535 ,- 92.1239 ,- 81.4126 ,- 79.1737 ,- 63.3304 ,- 51.3995 ,- 41.8784 ,- 35.2011 , 20.4888 ,
03-13-2020 ,12:11:29 ,       9050.841, 250  ,            10  , 32  , 111  ,- 15.7118 , 11.2899 ,- 6.1512 ,- 12.8975 ,- 19.0060 ,- 34.4055 ,- 40.5765 ,- 44.5874 ,- 47.1650 ,- 48.6740 ,- 49.3052 ,- 48.0099 ,- 47.0137 ,- 43.6307 ,- 41.6219 ,- 137.0762 ,- 168.2006 ,- 150.4077 ,- 140.7124 ,- 121.2757 ,- 104.8373 ,- 94.0505 ,- 101.8291 ,- 96.9929 ,- 90.6707 ,- 81.0313 ,- 77.2011 ,- 62.7420 ,- 51.3107 ,- 41.6778 ,- 35.0006 , 21.0641 ,
03-13-2020 ,12:11:29 ,       9051.544, 250  ,            10  , 32  , 111  ,- 8.4888 , 11.0992 ,- 8.3441 ,- 14.8241 ,- 19.8970 ,- 36.6740 ,- 42.0559 ,- 46.2806 ,- 48.7135 ,- 50.1732 ,- 50.8077 ,- 48.8976 ,- 47.1124 ,- 44.2225 ,- 41.1452 ,- 131.6023 ,- 166.6291 ,- 148.2215 ,- 135.3535 ,- 117.5968 ,- 105.8762 ,- 94.2444 ,- 101.8291 ,- 96.8976 ,- 91.1540 ,- 80.5546 ,- 78.4241 ,- 62.8406 ,- 50.6729 ,- 40.9841 ,- 34.6060 , 21.4455 ,
03-13-2020 ,12:11:30 ,       9051.872, 250  ,            10  , 32  , 111  ,- 16.8954 , 12.3353 ,- 5.2142 ,- 12.3222 ,- 19.1047 ,- 34.8000 ,- 40.9710 ,- 45.2844 ,- 47.8422 ,- 49.2724 ,- 50.2061 ,- 48.7003 ,- 47.4115 ,- 44.3211 ,- 42.0033 ,- 137.0762 ,- 167.9048 ,- 150.2171 ,- 141.1990 ,- 120.8384 ,- 105.7842 ,- 94.3431 ,- 102.5228 ,- 97.8642 ,- 92.0253 ,- 81.9814 ,- 78.7990 ,- 64.1096 ,- 52.2181 ,- 42.1743 ,- 35.2011 , 20.0088 ,
03-13-2020 ,12:11:30 ,       9052.319, 250  ,            10  , 32  , 111  ,- 13.6307 , 13.4729 ,- 4.1688 ,- 11.7436 ,- 18.1151 ,- 33.8137 ,- 39.4915 ,- 44.2882 ,- 47.0663 ,- 48.7759 ,- 49.6044 ,- 48.2071 ,- 46.5173 ,- 43.6307 ,- 41.0499 ,- 137.0762 ,- 170.7519 ,- 151.9299 ,- 139.9332 ,- 118.3858 ,- 106.9151 ,- 95.5201 ,- 103.3184 ,- 98.8307 ,- 92.9951 ,- 81.9814 ,- 79.4565 ,- 63.7184 ,- 51.5836 ,- 40.6882 ,- 34.6060 , 21.5408 ,
03-13-2020 ,12:11:31 ,       9052.834, 250  ,            10  , 32  , 111  ,- 15.4126 , 12.1447 ,- 5.5266 ,- 12.8022 ,- 18.9074 ,- 34.3069 ,- 40.4778 ,- 44.6861 ,- 47.2603 ,- 48.5754 ,- 49.3052 ,- 47.8126 ,- 46.7145 ,- 43.3348 ,- 40.8625 ,- 138.2499 ,- 170.1634 ,- 152.0253 ,- 141.3930 ,- 120.8384 ,- 107.2965 ,- 95.9146 ,- 103.6176 ,- 99.5080 ,- 93.3831 ,- 83.2143 ,- 80.0187 ,- 65.2833 ,- 53.3096 ,- 42.9699 ,- 35.2011 , 20.9655 ,
03-13-2020 ,12:11:31 ,       9053.367, 250  ,            10  , 32  , 111  ,- 13.3348 , 12.4307 ,- 6.4669 ,- 12.8975 ,- 19.4038 ,- 35.3918 ,- 41.0696 ,- 45.5836 ,- 48.4241 ,- 49.7721 ,- 50.4066 ,- 48.8976 ,- 47.5102 ,- 44.4230 ,- 41.6219 ,- 137.0762 ,- 169.7689 ,- 151.6439 ,- 140.8077 ,- 118.8231 ,- 106.1590 ,- 95.2274 ,- 103.0192 ,- 97.7688 ,- 92.2192 ,- 81.5047 ,- 78.7036 ,- 63.3304 ,- 51.2187 ,- 41.4806 ,- 35.4970 , 20.9655 ,
03-13-2020 ,12:11:32 ,       9053.825, 250  ,            10  , 32  , 111  ,- 14.1271 , 11.9540 ,- 6.3616 ,- 13.2855 ,- 19.4038 ,- 35.6877 ,- 41.6614 ,- 45.7808 ,- 48.2269 ,- 49.3743 ,- 50.5085 ,- 48.7003 ,- 47.2110 ,- 44.0252 ,- 41.4313 ,- 137.4642 ,- 170.5546 ,- 152.2127 ,- 141.0050 ,- 122.2423 ,- 108.5228 ,- 96.7003 ,- 104.1140 ,- 99.8959 ,- 93.6724 ,- 83.7863 ,- 80.7716 ,- 65.4773 ,- 53.8554 ,- 43.3677 ,- 35.0006 , 20.1995 ,
03-13-2020 ,12:11:32 ,       9054.322, 250  ,            10  , 32  , 111  ,- 12.3452 , 11.6712 ,- 7.4038 ,- 14.4395 ,- 20.0943 ,- 36.5754 ,- 41.9573 ,- 46.3792 ,- 49.0028 ,- 50.4724 ,- 51.0082 ,- 49.4893 ,- 47.9080 ,- 45.0148 ,- 42.2860 ,- 138.3453 ,- 172.7146 ,- 153.7349 ,- 141.8828 ,- 119.5234 ,- 108.0494 ,- 96.6017 ,- 104.3146 ,- 98.6401 ,- 93.2844 ,- 82.4548 ,- 79.0784 ,- 63.6230 ,- 51.9452 ,- 41.8784 ,- 35.6943 , 20.6795 ,
03-13-2020 ,12:11:33 ,       9054.868, 250  ,            10  , 32  , 111  ,- 14.0285 , 11.7633 ,- 6.5721 ,- 13.3808 ,- 19.0060 ,- 35.0959 ,- 40.9710 ,- 45.5836 ,- 47.8422 ,- 49.0751 ,- 50.0055 ,- 48.2071 ,- 46.8165 ,- 43.9266 ,- 41.1452 ,- 137.5628 ,- 169.4763 ,- 150.9765 ,- 141.3930 ,- 121.6275 ,- 105.5935 ,- 95.2274 ,- 103.0192 ,- 98.7354 ,- 92.5085 ,- 82.4548 ,- 79.6439 ,- 64.8921 ,- 52.9480 ,- 42.4734 ,- 35.1025 , 20.8701 ,
03-13-2020 ,12:11:33 ,       9055.349, 250  ,            10  , 32  , 111  ,- 15.1167 , 12.8088 ,- 4.6915 ,- 12.5162 ,- 18.7101 ,- 35.4904 ,- 41.3655 ,- 45.7808 ,- 48.3255 ,- 49.9726 ,- 51.2088 ,- 49.6899 ,- 48.2071 ,- 45.3107 ,- 42.0033 ,- 139.2264 ,- 169.8675 ,- 151.1672 ,- 142.4680 ,- 122.3277 ,- 104.6466 ,- 94.2444 ,- 101.7272 ,- 96.0264 ,- 91.3480 ,- 80.4625 ,- 77.3918 ,- 62.2554 ,- 50.4921 ,- 40.9841 ,- 34.8033 , 20.3934 ,
03-13-2020 ,12:11:34 ,       9055.86, 250  ,             10  , 32  , 111  ,- 12.2466 , 10.1490 ,- 8.0318 ,- 14.2455 ,- 19.7984 ,- 35.7863 ,- 41.8587 ,- 45.6822 ,- 48.2269 ,- 49.5748 ,- 50.2061 ,- 48.7003 ,- 47.0137 ,- 44.0252 ,- 41.8093 ,- 135.1201 ,- 169.3776 ,- 150.8845 ,- 138.2762 ,- 121.1902 ,- 107.3885 ,- 95.3261 ,- 103.3184 ,- 98.5414 ,- 92.4132 ,- 82.7409 ,- 79.8313 ,- 64.5995 ,- 52.6751 ,- 42.1743 ,- 35.9934 , 22.6915 ,
03-13-2020 ,12:11:34 ,       9056.374, 250  ,            10  , 32  , 111  ,- 16.4022 , 12.9995 ,- 5.0038 ,- 12.7069 ,- 19.4038 ,- 35.3918 ,- 41.4641 ,- 45.7808 ,- 48.7135 ,- 50.1732 ,- 51.0082 ,- 49.3907 ,- 48.3058 ,- 45.1134 ,- 42.2860 ,- 140.5941 ,- 172.1261 ,- 153.2615 ,- 143.9277 ,- 121.5420 ,- 106.1590 ,- 96.0132 ,- 103.8181 ,- 98.3475 ,- 93.0905 ,- 81.8861 ,- 78.7036 ,- 63.3304 ,- 51.8532 ,- 41.4806 ,- 35.5956 , 21.4455 ,
03-13-2020 ,12:11:35 ,       9056.859, 250  ,            10  , 32  , 111  ,- 9.2811 , 11.2899 ,- 7.5090 ,- 14.0548 ,- 19.6011 ,- 35.7863 ,- 41.6614 ,- 45.6822 ,- 48.4241 ,- 49.8740 ,- 50.8077 ,- 49.4893 ,- 47.8093 ,- 44.9162 ,- 42.0033 ,- 133.9497 ,- 170.2620 ,- 152.1206 ,- 138.3749 ,- 122.5908 ,- 108.9042 ,- 96.7990 ,- 104.9096 ,- 100.3792 ,- 94.0603 ,- 84.1644 ,- 81.5211 ,- 65.9672 ,- 53.4937 ,- 42.8713 ,- 35.4970 , 21.6362 ,
03-13-2020 ,12:11:35 ,       9057.363, 250  ,            10  , 32  , 111  ,- 18.3814 , 10.8164 ,- 7.6143 ,- 14.8241 ,- 20.5907 ,- 37.4630 ,- 43.2395 ,- 47.3721 ,- 49.8740 ,- 51.4685 ,- 52.2115 ,- 50.6762 ,- 49.4006 ,- 46.0044 ,- 43.2362 ,- 142.5469 ,- 173.9902 ,- 156.3026 ,- 143.5398 ,- 118.9118 ,- 108.7135 ,- 96.3058 ,- 103.4203 ,- 98.4428 ,- 93.0905 ,- 82.1721 ,- 78.7036 ,- 63.7184 ,- 52.3102 ,- 42.6707 ,- 35.2997 , 22.6915 ,
03-13-2020 ,12:11:36 ,       9057.891, 250  ,            10  , 32  , 111  ,- 15.2154 , 11.0992 ,- 7.5090 ,- 14.2455 ,- 19.6997 ,- 35.4904 ,- 41.2669 ,- 45.6822 ,- 48.0362 ,- 49.4729 ,- 49.9069 ,- 48.6017 ,- 47.2110 ,- 44.4230 ,- 41.8093 ,- 139.4203 ,- 171.5376 ,- 153.2615 ,- 141.5902 ,- 119.0861 ,- 107.3885 ,- 96.1118 ,- 103.4203 ,- 98.9294 ,- 93.0905 ,- 82.6455 ,- 80.6762 ,- 65.0893 ,- 52.6751 ,- 42.4734 ,- 35.1025 , 22.3069 ,
03-13-2020 ,12:11:36 ,       9058.365, 250  ,            10  , 32  , 111  ,- 13.6307 , 10.4351 ,- 7.5090 ,- 13.8608 ,- 19.8970 ,- 36.1808 ,- 41.9573 ,- 45.8795 ,- 48.4241 ,- 49.7721 ,- 50.9096 ,- 49.5880 ,- 47.9080 ,- 45.0148 ,- 42.0954 ,- 133.9497 ,- 166.7278 ,- 148.5075 ,- 138.6675 ,- 119.9639 ,- 105.4028 ,- 94.1458 ,- 102.0264 ,- 97.0916 ,- 91.6373 ,- 81.1266 ,- 77.5792 ,- 62.8406 ,- 51.8532 ,- 41.8784 ,- 35.5956 , 20.1041 ,
03-13-2020 ,12:11:37 ,       9058.867, 250  ,            10  , 32  , 111  ,- 12.3452 , 12.6214 ,- 5.9441 ,- 13.0915 ,- 19.4038 ,- 35.7863 ,- 41.6614 ,- 45.6822 ,- 48.5195 ,- 50.2718 ,- 50.6072 ,- 49.2921 ,- 47.3129 ,- 44.5217 ,- 41.7173 ,- 136.7803 ,- 168.9831 ,- 150.6938 ,- 140.8077 ,- 126.7990 ,- 105.1201 ,- 94.8329 ,- 103.2198 ,- 98.4428 ,- 92.1239 ,- 82.0768 ,- 79.5485 ,- 64.3069 ,- 52.5830 ,- 42.6707 ,- 35.1025 , 21.3501 ,
03-13-2020 ,12:11:37 ,       9059.365, 250  ,            10  , 32  , 111  ,- 12.9403 , 11.3852 ,- 7.3019 ,- 13.9562 ,- 19.8970 ,- 35.8850 ,- 41.2669 ,- 45.5836 ,- 48.2269 ,- 49.4729 ,- 50.4066 ,- 48.7989 ,- 47.6088 ,- 44.6203 ,- 42.0954 ,- 137.2702 ,- 170.7519 ,- 152.3080 ,- 141.2976 ,- 120.8384 ,- 106.5403 ,- 95.3261 ,- 103.0192 ,- 98.1535 ,- 92.5085 ,- 82.1721 ,- 78.1414 ,- 62.9392 ,- 51.7644 ,- 41.6778 ,- 35.5956 , 20.4888 ,
03-13-2020 ,12:11:38 ,       9059.886, 250  ,            10  , 32  , 111  ,- 12.8417 , 12.3353 ,- 6.1512 ,- 13.9562 ,- 19.8970 ,- 36.3781 ,- 42.4504 ,- 46.1819 ,- 48.8088 ,- 50.1732 ,- 50.9096 ,- 49.0948 ,- 47.6088 ,- 44.3211 ,- 41.5266 ,- 139.1277 ,- 172.6160 ,- 153.6395 ,- 142.2708 ,- 123.7316 ,- 107.4839 ,- 96.5031 ,- 104.5118 ,- 99.4127 ,- 93.7677 ,- 83.1189 ,- 80.3968 ,- 65.0893 ,- 52.7639 ,- 43.3677 ,- 35.2011 , 21.9255 ,
03-13-2020 ,12:11:38 ,       9060.355, 250  ,            10  , 32  , 111  ,- 9.4784 , 11.0038 ,- 6.8844 ,- 13.4762 ,- 19.0060 ,- 34.7014 ,- 40.2806 ,- 44.4888 ,- 47.1650 ,- 48.5754 ,- 49.6044 ,- 48.3058 ,- 46.9151 ,- 44.2225 ,- 40.9545 ,- 131.4083 ,- 167.5135 ,- 150.0264 ,- 136.5239 ,- 122.2423 ,- 108.0494 ,- 96.5031 ,- 104.4132 ,- 99.8959 ,- 94.4483 ,- 83.9770 ,- 80.7716 ,- 65.2833 ,- 53.4937 ,- 42.7693 ,- 35.1025 , 21.4455 ,
03-13-2020 ,12:11:39 ,       9060.864, 250  ,            10  , 32  , 111  ,- 6.2137 , 9.5803 ,- 10.1195 ,- 15.7874 ,- 20.5907 ,- 37.1671 ,- 42.6510 ,- 46.8756 ,- 49.1967 ,- 50.4724 ,- 51.0082 ,- 49.0948 ,- 47.4115 ,- 44.3211 ,- 41.3359 ,- 130.0373 ,- 166.9250 ,- 148.9809 ,- 135.9387 ,- 120.5754 ,- 107.3885 ,- 95.7173 ,- 103.7162 ,- 98.8307 ,- 93.1891 ,- 82.5502 ,- 80.2061 ,- 64.7935 ,- 52.4910 ,- 42.4734 ,- 35.1025 , 21.8301 ,
03-13-2020 ,12:11:39 ,       9061.354, 250  ,            10  , 32  , 111  ,- 10.1721 , 11.5759 ,- 7.6143 ,- 14.2455 ,- 19.6011 ,- 35.7863 ,- 41.5628 ,- 45.5836 ,- 48.0362 ,- 49.3743 ,- 50.1074 ,- 48.3058 ,- 47.2110 ,- 44.0252 ,- 41.8093 ,- 134.9261 ,- 169.4763 ,- 151.2625 ,- 138.7628 ,- 119.9639 ,- 107.5792 ,- 96.5031 ,- 103.7162 ,- 99.5080 ,- 93.4784 ,- 83.2143 ,- 79.9266 ,- 64.7935 ,- 52.9480 ,- 42.2729 ,- 35.6943 , 20.7748 ,
03-13-2020 ,12:11:40 ,       9061.887, 250  ,            10  , 32  , 111  ,- 9.1825 , 9.9584 ,- 8.8669 ,- 15.2088 ,- 20.4888 ,- 37.1671 ,- 42.7496 ,- 46.6751 ,- 49.1967 ,- 50.5710 ,- 51.2088 ,- 49.3907 ,- 47.8093 ,- 44.7189 ,- 41.5266 ,- 133.2658 ,- 170.0647 ,- 152.1206 ,- 138.5688 ,- 121.5420 ,- 109.9431 ,- 97.6801 ,- 105.7053 ,- 100.4779 ,- 95.1255 ,- 84.3551 ,- 81.6165 ,- 66.0658 ,- 53.4017 ,- 43.2658 ,- 36.1907 , 21.0641 ,
03-13-2020 ,12:11:40 ,       9062.355, 250  ,            10  , 32  , 111  ,- 15.4126 , 12.5260 ,- 5.0038 ,- 12.0329 ,- 18.9074 ,- 34.4055 ,- 40.9710 ,- 45.4850 ,- 48.0362 ,- 49.4729 ,- 50.1074 ,- 48.4044 ,- 47.2110 ,- 44.2225 ,- 41.6219 ,- 137.5628 ,- 169.9661 ,- 151.4532 ,- 140.9064 ,- 122.3277 ,- 105.6855 ,- 95.2274 ,- 103.1212 ,- 98.5414 ,- 92.3179 ,- 82.4548 ,- 79.0784 ,- 64.2083 ,- 52.9480 ,- 42.9699 ,- 35.5956 , 22.0208 ,
03-13-2020 ,12:11:41 ,       9062.892, 250  ,            10  , 32  , 111  ,- 13.4334 , 9.5803 ,- 7.8247 ,- 13.8608 ,- 19.6011 ,- 35.6877 ,- 41.3655 ,- 45.4850 ,- 48.3255 ,- 49.5748 ,- 50.3080 ,- 48.7989 ,- 47.5102 ,- 44.4230 ,- 41.4313 ,- 134.4362 ,- 167.6089 ,- 150.3124 ,- 138.6675 ,- 120.2236 ,- 106.6324 ,- 95.7173 ,- 103.2198 ,- 97.8642 ,- 93.0905 ,- 82.0768 ,- 79.3611 ,- 64.3069 ,- 52.8559 ,- 42.5721 ,- 35.1025 , 21.1595 ,
03-13-2020 ,12:11:41 ,       9063.374, 250  ,            10  , 32  , 111  ,- 18.7759 , 13.5682 ,- 4.9019 ,- 12.5162 ,- 19.1047 ,- 34.5041 ,- 40.6751 ,- 45.3830 ,- 47.3589 ,- 48.9765 ,- 49.7063 ,- 48.2071 ,- 46.8165 ,- 44.1239 ,- 41.9047 ,- 142.7442 ,- 172.5173 ,- 154.3069 ,- 145.5847 ,- 117.2450 ,- 106.7277 ,- 94.3431 ,- 101.7272 ,- 97.4795 ,- 90.8647 ,- 81.2220 ,- 78.0494 ,- 62.8406 ,- 51.2187 ,- 41.3819 ,- 34.7047 , 22.1162 ,
03-13-2020 ,12:11:42 ,       9063.885, 250  ,            10  , 32  , 111  ,- 12.6444 , 10.4351 ,- 7.7195 ,- 13.9562 ,- 19.6997 ,- 35.3918 ,- 40.9710 ,- 45.0839 ,- 47.8422 ,- 48.7759 ,- 49.7063 ,- 48.3058 ,- 47.1124 ,- 44.5217 ,- 41.2406 ,- 135.8039 ,- 169.1804 ,- 151.2625 ,- 139.8346 ,- 119.6976 ,- 107.5792 ,- 95.8159 ,- 103.5190 ,- 98.2521 ,- 92.9951 ,- 81.7907 ,- 79.1737 ,- 63.9156 ,- 52.1293 ,- 41.7765 ,- 35.1025 , 22.5929 ,
03-13-2020 ,12:11:42 ,       9064.365, 250  ,            10  , 32  , 111  ,- 16.3036 , 12.8088 ,- 4.9019 ,- 12.5162 ,- 18.7101 ,- 34.1096 ,- 40.6751 ,- 44.9852 ,- 47.1650 ,- 48.9765 ,- 49.6044 ,- 48.1085 ,- 46.5173 ,- 43.7293 ,- 40.9545 ,- 141.3732 ,- 173.4017 ,- 154.2116 ,- 144.5130 ,- 122.6795 ,- 107.4839 ,- 95.9146 ,- 103.7162 ,- 99.5080 ,- 92.7058 ,- 82.9315 ,- 80.0187 ,- 64.9907 ,- 53.0367 ,- 42.9699 ,- 34.9019 , 21.8301 ,
03-13-2020 ,12:11:43 ,       9064.851, 250  ,            10  , 32  , 111  ,- 10.5666 , 11.6712 ,- 7.0915 ,- 14.1501 ,- 19.7984 ,- 36.0822 ,- 41.7600 ,- 45.6822 ,- 48.7135 ,- 49.7721 ,- 50.7091 ,- 49.1935 ,- 47.6088 ,- 44.4230 ,- 41.8093 ,- 133.4598 ,- 167.2176 ,- 149.3623 ,- 137.5924 ,- 120.2236 ,- 105.1201 ,- 94.1458 ,- 101.7272 ,- 96.9929 ,- 90.9601 ,- 80.2718 ,- 77.8587 ,- 62.5480 ,- 51.3107 ,- 41.1814 ,- 34.8033 , 21.5408 ,
03-13-2020 ,12:11:43 ,       9065.386, 250  ,            10  , 32  , 111  ,- 15.5112 , 11.7633 ,- 6.5721 ,- 13.5715 ,- 19.9956 ,- 36.0822 ,- 42.0559 ,- 46.3792 ,- 48.9074 ,- 50.3704 ,- 51.4093 ,- 49.6899 ,- 48.3058 ,- 45.5080 ,- 42.8581 ,- 138.6379 ,- 170.3573 ,- 151.6439 ,- 141.5902 ,- 119.8751 ,- 105.5935 ,- 94.4417 ,- 101.6285 ,- 97.2855 ,- 90.8647 ,- 81.3140 ,- 78.5162 ,- 63.0346 ,- 51.2187 ,- 42.2729 ,- 35.2011 , 21.0641 ,
03-13-2020 ,12:11:44 ,       9065.886, 250  ,            10  , 32  , 111  ,- 21.5474 , 10.5304 ,- 6.7792 ,- 13.6669 ,- 20.2915 ,- 36.6740 ,- 42.2532 ,- 46.4778 ,- 48.9074 ,- 50.8702 ,- 51.9091 ,- 49.8871 ,- 48.5030 ,- 46.0044 ,- 43.4269 ,- 140.6894 ,- 168.5919 ,- 150.8845 ,- 142.6620 ,- 117.4192 ,- 104.9294 ,- 94.2444 ,- 101.5299 ,- 96.5096 ,- 90.7661 ,- 80.3672 ,- 77.2965 ,- 62.1567 ,- 50.7650 ,- 41.2833 ,- 35.9934 , 20.8701 ,
03-13-2020 ,12:11:44 ,       9066.374, 250  ,            10  , 32  , 111  ,- 17.6877 , 11.9540 ,- 5.1090 ,- 12.4175 ,- 18.7101 ,- 34.8986 ,- 40.9710 ,- 45.0839 ,- 47.7469 ,- 49.0751 ,- 50.1074 ,- 48.5030 ,- 47.0137 ,- 44.0252 ,- 41.3359 ,- 142.1557 ,- 173.3031 ,- 154.4976 ,- 144.3190 ,- 121.6275 ,- 107.5792 ,- 96.0132 ,- 103.4203 ,- 98.6401 ,- 91.9299 ,- 81.9814 ,- 79.2691 ,- 63.8170 ,- 51.7644 ,- 42.1743 ,- 35.0006 , 22.2115 ,
03-13-2020 ,12:11:45 ,       9066.879, 250  ,            10  , 32  , 111  ,- 16.1063 , 12.9041 ,- 5.2142 ,- 12.4175 ,- 18.7101 ,- 34.7014 ,- 40.3792 ,- 44.7847 ,- 47.7469 ,- 48.9765 ,- 49.9069 ,- 48.4044 ,- 47.3129 ,- 44.7189 ,- 42.0954 ,- 139.1277 ,- 171.8302 ,- 153.2615 ,- 141.1990 ,- 117.4192 ,- 106.6324 ,- 95.4247 ,- 103.3184 ,- 97.9628 ,- 92.6072 ,- 81.3140 ,- 78.3288 ,- 62.8406 ,- 51.2187 ,- 40.6882 ,- 35.2011 , 21.2548 ,
03-13-2020 ,12:11:45 ,       9067.386, 250  ,            10  , 32  , 111  ,- 17.2932 , 13.2855 ,- 4.5863 ,- 12.4175 ,- 18.9074 ,- 35.3918 ,- 41.3655 ,- 45.5836 ,- 47.8422 ,- 49.4729 ,- 50.0055 ,- 48.6017 ,- 47.0137 ,- 43.6307 ,- 41.1452 ,- 141.9617 ,- 172.7146 ,- 154.4976 ,- 143.1486 ,- 116.5447 ,- 106.7277 ,- 94.7376 ,- 102.2236 ,- 97.5748 ,- 91.2494 ,- 81.4126 ,- 78.5162 ,- 63.8170 ,- 52.0373 ,- 42.3748 ,- 34.3069 , 22.4975 ,
03-13-2020 ,12:11:46 ,       9067.855, 250  ,            10  , 32  , 111  ,- 13.9299 , 11.2899 ,- 6.3616 ,- 13.0915 ,- 19.0060 ,- 34.8000 ,- 40.1819 ,- 44.2882 ,- 47.0663 ,- 48.5754 ,- 49.0028 ,- 47.8126 ,- 46.4187 ,- 43.4334 ,- 40.6685 ,- 135.1201 ,- 167.3163 ,- 149.4576 ,- 139.3480 ,- 120.2236 ,- 105.2154 ,- 94.3431 ,- 101.8291 ,- 96.8976 ,- 91.5420 ,- 80.9359 ,- 77.4839 ,- 62.5480 ,- 51.3995 ,- 41.0828 ,- 35.3984 , 20.1995 ,
03-13-2020 ,12:11:46 ,       9068.401, 250  ,            10  , 32  , 111  ,- 9.3797 , 10.6258 ,- 7.9266 ,- 14.1501 ,- 19.6011 ,- 35.7863 ,- 40.8724 ,- 44.8866 ,- 47.1650 ,- 48.5754 ,- 49.2033 ,- 47.4148 ,- 45.8203 ,- 43.0356 ,- 40.4811 ,- 130.0373 ,- 164.5678 ,- 146.5086 ,- 134.5743 ,- 118.6455 ,- 104.8373 ,- 93.9485 ,- 101.4313 ,- 96.7036 ,- 90.6707 ,- 80.3672 ,- 78.3288 ,- 63.0346 ,- 50.5808 ,- 41.0828 ,- 34.3069 , 22.1162 ,
03-13-2020 ,12:11:47 ,       9068.896, 250  ,            10  , 32  , 111  ,- 15.2154 , 11.4806 ,- 6.1512 ,- 12.7069 ,- 18.8088 ,- 34.3069 ,- 39.7841 ,- 43.8904 ,- 46.4877 ,- 47.8784 ,- 48.9041 ,- 47.4148 ,- 46.1195 ,- 43.3348 ,- 41.4313 ,- 135.9025 ,- 166.6291 ,- 148.5075 ,- 139.2494 ,- 115.5781 ,- 104.1765 ,- 93.6559 ,- 100.6357 ,- 96.4143 ,- 90.7661 ,- 80.4625 ,- 76.9217 ,- 62.4493 ,- 51.5836 ,- 40.7869 ,- 34.9019 , 20.8701 ,
03-13-2020 ,12:11:47 ,       9069.383, 250  ,            10  , 32  , 111  ,- 13.9299 , 11.7633 ,- 6.4669 ,- 13.4762 ,- 19.2033 ,- 35.2932 ,- 40.8724 ,- 45.3830 ,- 47.8422 ,- 49.9726 ,- 50.1074 ,- 48.3058 ,- 46.5173 ,- 43.6307 ,- 40.7671 ,- 135.1201 ,- 165.7448 ,- 147.5540 ,- 139.1541 ,- 122.5053 ,- 102.6609 ,- 93.2614 ,- 100.9316 ,- 96.1250 ,- 90.7661 ,- 80.0811 ,- 77.6713 ,- 62.7420 ,- 50.9458 ,- 41.3819 ,- 34.7047 , 21.9255 ,
03-13-2020 ,12:11:48 ,       9069.904, 250  ,            10  , 32  , 111  ,- 10.1721 , 11.3852 ,- 7.3019 ,- 14.0548 ,- 19.5025 ,- 35.0959 ,- 40.7737 ,- 44.9852 ,- 47.6482 ,- 48.6740 ,- 49.3052 ,- 48.0099 ,- 46.9151 ,- 43.5321 ,- 40.9545 ,- 132.9699 ,- 166.8264 ,- 149.0762 ,- 137.3031 ,- 118.9973 ,- 105.2154 ,- 94.6390 ,- 102.4242 ,- 98.0581 ,- 92.2192 ,- 82.3595 ,- 78.4241 ,- 63.6230 ,- 52.2181 ,- 41.6778 ,- 34.6060 , 20.1041 ,
03-13-2020 ,12:11:48 ,       9070.407, 250  ,            10  , 32  , 111  ,- 13.2362 , 12.0493 ,- 6.4669 ,- 13.5715 ,- 19.3052 ,- 35.6877 ,- 41.1682 ,- 45.6822 ,- 48.5195 ,- 49.9726 ,- 50.6072 ,- 49.2921 ,- 47.7107 ,- 44.7189 ,- 42.1907 ,- 137.2702 ,- 170.5546 ,- 151.8313 ,- 141.3930 ,- 120.4012 ,- 107.6746 ,- 96.7003 ,- 104.1140 ,- 99.2187 ,- 93.4784 ,- 82.8362 ,- 80.3014 ,- 64.9907 ,- 52.2181 ,- 42.0756 ,- 35.3984 , 21.2548 ,
03-13-2020 ,12:11:49 ,       9070.869, 250  ,            10  , 32  , 111  ,- 3.8400 , 9.3896 ,- 11.0597 ,- 16.6521 ,- 21.0838 ,- 37.6603 ,- 43.1441 ,- 47.0762 ,- 49.5847 ,- 50.6729 ,- 51.4093 ,- 49.4893 ,- 48.5030 ,- 45.0148 ,- 42.4767 ,- 131.2110 ,- 170.1634 ,- 152.3080 ,- 137.8850 ,- 122.2423 ,- 111.4554 ,- 97.6801 ,- 105.7053 ,- 100.8625 ,- 95.1255 ,- 84.5458 ,- 81.5211 ,- 66.0658 ,- 54.1283 ,- 43.3677 ,- 36.1907 , 20.3934 ,
03-13-2020 ,12:11:49 ,       9071.372, 250  ,            10  , 32  , 111  ,- 12.3452 , 11.5759 ,- 6.8844 ,- 13.1869 ,- 19.6997 ,- 36.0822 ,- 41.5628 ,- 45.4850 ,- 48.3255 ,- 49.9726 ,- 50.7091 ,- 49.1935 ,- 47.5102 ,- 44.0252 ,- 41.4313 ,- 137.9540 ,- 171.7316 ,- 152.7847 ,- 142.0768 ,- 124.3431 ,- 106.9151 ,- 96.5031 ,- 104.3146 ,- 99.4127 ,- 93.6724 ,- 82.8362 ,- 80.3968 ,- 64.6981 ,- 52.6751 ,- 42.7693 ,- 36.0921 , 20.2948 ,
03-13-2020 ,12:11:50 ,       9071.908, 250  ,            10  , 32  , 111  ,- 10.9611 , 11.8586 ,- 7.3019 ,- 14.0548 ,- 19.8970 ,- 35.8850 ,- 41.6614 ,- 45.9814 ,- 48.2269 ,- 49.8740 ,- 50.4066 ,- 48.8976 ,- 47.3129 ,- 44.0252 ,- 41.9047 ,- 137.5628 ,- 172.3201 ,- 153.8302 ,- 141.2976 ,- 123.7316 ,- 108.3354 ,- 97.2888 ,- 104.8110 ,- 99.9913 ,- 94.3496 ,- 83.5957 ,- 80.5842 ,- 65.1847 ,- 53.3096 ,- 42.3748 ,- 36.0921 , 20.8701 ,
03-13-2020 ,12:11:50 ,       9072.384, 250  ,            10  , 32  , 111  ,- 19.5682 , 9.2943 ,- 8.0318 ,- 14.0548 ,- 19.9956 ,- 36.2795 ,- 41.4641 ,- 45.6822 ,- 48.6148 ,- 49.9726 ,- 50.8077 ,- 49.4893 ,- 48.0066 ,- 45.3107 ,- 42.6674 ,- 139.3217 ,- 169.6702 ,- 151.8313 ,- 141.2976 ,- 114.4406 ,- 106.3496 ,- 94.7376 ,- 102.0264 ,- 96.7036 ,- 91.3480 ,- 80.2718 ,- 77.9540 ,- 62.4493 ,- 51.0378 ,- 41.5792 ,- 35.5956 , 21.0641 ,
03-13-2020 ,12:11:51 ,       9072.914, 250  ,            10  , 32  , 111  ,- 9.3797 , 9.9584 ,- 10.4318 ,- 15.7874 ,- 21.0838 ,- 36.9699 ,- 43.0455 ,- 47.1748 ,- 49.1014 ,- 50.2718 ,- 51.0082 ,- 49.2921 ,- 48.0066 ,- 45.4093 ,- 42.8581 ,- 132.6773 ,- 166.2379 ,- 148.0308 ,- 136.6192 ,- 119.5234 ,- 105.3107 ,- 94.2444 ,- 101.8291 ,- 97.3809 ,- 91.3480 ,- 81.6000 ,- 78.1414 ,- 63.8170 ,- 52.3989 ,- 42.0756 ,- 35.5956 , 21.1595 ,
03-13-2020 ,12:11:51 ,       9073.383, 250  ,            10  , 32  , 111  ,- 17.9836 , 11.7633 ,- 6.0493 ,- 13.1869 ,- 19.5025 ,- 36.1808 ,- 41.2669 ,- 45.8795 ,- 48.5195 ,- 49.8740 ,- 51.0082 ,- 49.1935 ,- 47.9080 ,- 44.9162 ,- 42.3814 ,- 141.8631 ,- 172.9119 ,- 153.9256 ,- 144.8056 ,- 121.5420 ,- 106.4450 ,- 96.1118 ,- 103.6176 ,- 97.8642 ,- 92.5085 ,- 81.6954 ,- 79.0784 ,- 63.3304 ,- 51.4915 ,- 41.7765 ,- 35.6943 , 21.6362 ,
03-13-2020 ,12:11:52 ,       9073.898, 250  ,            10  , 32  , 111  ,- 9.8729 , 11.3852 ,- 7.6143 ,- 14.0548 ,- 20.0943 ,- 35.2932 ,- 41.7600 ,- 45.9814 ,- 48.6148 ,- 49.8740 ,- 50.7091 ,- 49.0948 ,- 47.9080 ,- 44.7189 ,- 42.1907 ,- 135.1201 ,- 170.1634 ,- 152.1206 ,- 138.7628 ,- 120.9272 ,- 109.9431 ,- 97.0916 ,- 104.7124 ,- 100.4779 ,- 94.2543 ,- 84.3551 ,- 81.3337 ,- 66.1611 ,- 53.7666 ,- 43.2658 ,- 36.0921 , 21.2548 ,
03-13-2020 ,12:11:52 ,       9074.415, 250  ,            10  , 32  , 111  ,- 14.3244 , 11.9540 ,- 6.0493 ,- 13.2855 ,- 19.1047 ,- 35.5891 ,- 41.1682 ,- 45.7808 ,- 48.2269 ,- 49.5748 ,- 50.6072 ,- 49.0948 ,- 47.7107 ,- 44.7189 ,- 41.6219 ,- 138.3453 ,- 171.4390 ,- 152.8801 ,- 141.8828 ,- 121.1902 ,- 108.0494 ,- 96.7990 ,- 104.4132 ,- 99.1233 ,- 93.4784 ,- 82.5502 ,- 79.2691 ,- 64.2083 ,- 52.3989 ,- 42.0756 ,- 35.3984 , 22.4975 ,
03-13-2020 ,12:11:53 ,       9074.881, 250  ,            10  , 32  , 111  ,- 12.7430 , 11.3852 ,- 7.4038 ,- 14.1501 ,- 19.9956 ,- 35.9836 ,- 41.6614 ,- 45.8795 ,- 48.0362 ,- 49.9726 ,- 50.4066 ,- 48.9962 ,- 47.6088 ,- 44.3211 ,- 41.6219 ,- 138.0527 ,- 171.5376 ,- 153.2615 ,- 142.6620 ,- 120.7497 ,- 109.2790 ,- 97.1902 ,- 105.1102 ,- 100.3792 ,- 94.3496 ,- 84.6411 ,- 80.9589 ,- 65.6746 ,- 53.4937 ,- 43.8608 ,- 35.7962 , 20.3934 ,
03-13-2020 ,12:11:53 ,       9075.4, 250  ,              10  , 32  , 111  ,- 5.2241 , 10.5304 ,- 9.4915 ,- 15.2088 ,- 19.9956 ,- 36.3781 ,- 41.6614 ,- 45.8795 ,- 48.1315 ,- 49.8740 ,- 51.0082 ,- 49.0948 ,- 47.7107 ,- 44.3211 ,- 41.4313 ,- 129.0609 ,- 166.4319 ,- 149.3623 ,- 135.2549 ,- 120.9272 ,- 108.7135 ,- 96.7003 ,- 104.6138 ,- 99.4127 ,- 93.8663 ,- 83.1189 ,- 79.9266 ,- 64.6981 ,- 52.6751 ,- 41.7765 ,- 34.9019 , 21.5408 ,
03-13-2020 ,12:11:54 ,       9075.919, 250  ,            10  , 32  , 111  ,- 15.4126 , 12.5260 ,- 5.5266 ,- 12.9962 ,- 19.3052 ,- 35.6877 ,- 41.7600 ,- 45.8795 ,- 48.5195 ,- 50.0713 ,- 50.5085 ,- 49.0948 ,- 47.6088 ,- 44.5217 ,- 41.5266 ,- 140.0056 ,- 171.5376 ,- 153.1661 ,- 144.1250 ,- 121.0160 ,- 106.7277 ,- 96.3058 ,- 104.0154 ,- 99.0247 ,- 92.9951 ,- 82.9315 ,- 80.4888 ,- 65.4773 ,- 52.8559 ,- 43.2658 ,- 35.7962 , 19.7227 ,
03-13-2020 ,12:11:54 ,       9076.383, 250  ,            10  , 32  , 111  ,- 19.9627 , 13.3808 ,- 3.5441 ,- 11.2636 ,- 18.3123 ,- 34.1096 ,- 40.0800 ,- 44.5874 ,- 47.5496 ,- 48.8745 ,- 49.8050 ,- 48.6017 ,- 47.4115 ,- 44.6203 ,- 41.7173 ,- 143.6220 ,- 173.5004 ,- 154.7803 ,- 146.7551 ,- 124.3431 ,- 105.7842 ,- 95.5201 ,- 102.8220 ,- 97.3809 ,- 92.0253 ,- 81.1266 ,- 77.2965 ,- 62.7420 ,- 51.1266 ,- 41.1814 ,- 35.1025 , 22.1162 ,
03-13-2020 ,12:11:55 ,       9076.898, 250  ,            10  , 32  , 111  ,- 7.6997 , 10.1490 ,- 8.8669 ,- 14.9195 ,- 19.9956 ,- 36.1808 ,- 41.6614 ,- 45.9814 ,- 48.3255 ,- 49.4729 ,- 50.2061 ,- 48.3058 ,- 46.9151 ,- 43.9266 ,- 41.2406 ,- 131.5069 ,- 168.2960 ,- 150.3124 ,- 136.2280 ,- 121.5420 ,- 108.2401 ,- 95.6187 ,- 103.3184 ,- 99.1233 ,- 92.6072 ,- 82.5502 ,- 80.3014 ,- 65.1847 ,- 52.7639 ,- 42.4734 ,- 35.1025 , 21.6362 ,
03-13-2020 ,12:11:55 ,       9077.41, 250  ,             10  , 32  , 111  ,- 9.7743 , 9.2943 ,- 8.4493 ,- 14.3441 ,- 19.6011 ,- 35.6877 ,- 41.7600 ,- 45.8795 ,- 48.5195 ,- 50.0713 ,- 50.8077 ,- 49.3907 ,- 48.3058 ,- 45.6066 ,- 42.8581 ,- 131.3097 ,- 166.5305 ,- 149.2669 ,- 137.0072 ,- 120.7497 ,- 106.5403 ,- 95.5201 ,- 103.1212 ,- 98.1535 ,- 92.6072 ,- 82.3595 ,- 78.5162 ,- 63.4258 ,- 51.8532 ,- 41.2833 ,- 35.2997 , 21.2548 ,
03-13-2020 ,12:11:56 ,       9077.883, 250  ,            10  , 32  , 111  ,- 16.7967 , 15.6592 ,- 2.7090 ,- 11.4543 ,- 18.9074 ,- 35.6877 ,- 41.5628 ,- 46.3792 ,- 49.4861 ,- 51.0707 ,- 51.8104 ,- 49.9825 ,- 47.9080 ,- 44.9162 ,- 41.6219 ,- 142.4483 ,- 171.3404 ,- 152.4034 ,- 145.1935 ,- 118.2971 ,- 104.8373 ,- 94.3431 ,- 101.9277 ,- 97.3809 ,- 91.4466 ,- 81.2220 ,- 79.0784 ,- 63.5244 ,- 51.3995 ,- 41.8784 ,- 34.8033 , 21.7315 ,
03-13-2020 ,12:11:56 ,       9078.403, 250  ,            10  , 32  , 111  ,- 11.6548 , 12.0493 ,- 6.0493 ,- 12.8975 ,- 18.7101 ,- 34.1096 ,- 39.5902 ,- 43.7918 ,- 46.3891 ,- 47.6778 ,- 48.7036 ,- 47.2176 ,- 45.8203 ,- 43.1376 ,- 40.4811 ,- 133.6538 ,- 167.4116 ,- 149.2669 ,- 137.4971 ,- 118.0340 ,- 104.5513 ,- 93.2614 ,- 100.7343 ,- 96.1250 ,- 90.4768 ,- 80.0811 ,- 76.6389 ,- 61.9628 ,- 51.1266 ,- 40.9841 ,- 34.5074 , 22.1162 ,
03-13-2020 ,12:11:57 ,       9078.926, 250  ,            10  , 32  , 111  ,- 12.9403 , 11.0038 ,- 6.8844 ,- 13.0915 ,- 19.2033 ,- 34.9973 ,- 40.6751 ,- 44.8866 ,- 47.2603 ,- 48.6740 ,- 49.7063 ,- 47.8126 ,- 46.2181 ,- 43.4334 ,- 40.8625 ,- 133.0686 ,- 166.0406 ,- 148.0308 ,- 136.7179 ,- 118.4713 ,- 105.3107 ,- 94.2444 ,- 101.3294 ,- 96.6083 ,- 90.7661 ,- 80.8406 ,- 78.6115 ,- 63.1332 ,- 51.4915 ,- 42.1743 ,- 34.5074 , 21.6362 ,
03-13-2020 ,12:11:57 ,       9079.432, 250  ,            10  , 32  , 111  ,- 14.6236 , 12.2400 ,- 6.1512 ,- 13.2855 ,- 19.2033 ,- 35.0959 ,- 40.4778 ,- 44.6861 ,- 47.1650 ,- 48.4767 ,- 49.5058 ,- 47.7107 ,- 46.7145 ,- 43.5321 ,- 41.1452 ,- 137.6614 ,- 168.7891 ,- 149.9310 ,- 141.4916 ,- 122.3277 ,- 104.2685 ,- 94.0505 ,- 101.2307 ,- 97.0916 ,- 91.4466 ,- 81.1266 ,- 77.6713 ,- 62.9392 ,- 51.6724 ,- 40.8855 ,- 34.7047 , 20.1995 ,
03-13-2020 ,12:11:58 ,       9079.906, 250  ,            10  , 32  , 111  ,- 17.1945 , 12.1447 ,- 6.1512 ,- 13.3808 ,- 19.6011 ,- 35.4904 ,- 41.6614 ,- 45.9814 ,- 48.8088 ,- 49.8740 ,- 50.8077 ,- 48.9962 ,- 47.6088 ,- 44.7189 ,- 42.0954 ,- 140.2028 ,- 170.7519 ,- 151.7393 ,- 142.1754 ,- 118.2971 ,- 104.2685 ,- 94.0505 ,- 101.2307 ,- 96.7036 ,- 90.4768 ,- 79.6077 ,- 77.9540 ,- 62.4493 ,- 51.0378 ,- 41.5792 ,- 35.3984 , 19.2428 ,
03-13-2020 ,12:11:58 ,       9080.427, 250  ,            10  , 32  , 111  ,- 10.1721 , 11.1945 ,- 7.6143 ,- 14.5348 ,- 19.6997 ,- 35.9836 ,- 41.8587 ,- 45.6822 ,- 48.1315 ,- 49.3743 ,- 49.8050 ,- 48.6017 ,- 47.2110 ,- 44.3211 ,- 41.9047 ,- 134.2423 ,- 168.7891 ,- 150.7891 ,- 138.1776 ,- 120.1381 ,- 108.2401 ,- 96.2072 ,- 104.2127 ,- 99.5080 ,- 93.8663 ,- 83.5957 ,- 80.2061 ,- 65.3820 ,- 53.0367 ,- 42.3748 ,- 35.5956 , 21.6362 ,
03-13-2020 ,12:11:59 ,       9080.924, 250  ,            10  , 32  , 111  ,- 20.5545 , 9.2943 ,- 7.4038 ,- 13.6669 ,- 19.6011 ,- 36.3781 ,- 41.7600 ,- 46.2806 ,- 49.0028 ,- 50.3704 ,- 51.6099 ,- 50.2784 ,- 48.8022 ,- 45.9058 ,- 43.0455 ,- 138.4439 ,- 170.0647 ,- 152.2127 ,- 139.8346 ,- 115.9299 ,- 107.7666 ,- 95.8159 ,- 102.8220 ,- 97.4795 ,- 92.3179 ,- 81.4126 ,- 78.6115 ,- 62.8406 ,- 51.1266 ,- 42.1743 ,- 35.6943 , 22.6915 ,
03-13-2020 ,12:11:59 ,       9081.404, 250  ,            10  , 32  , 111  ,- 13.1375 , 11.3852 ,- 7.1967 ,- 13.7655 ,- 19.7984 ,- 35.3918 ,- 41.0696 ,- 45.0839 ,- 47.8422 ,- 49.1737 ,- 50.0055 ,- 48.5030 ,- 47.1124 ,- 44.1239 ,- 41.7173 ,- 138.2499 ,- 171.4390 ,- 153.4489 ,- 141.2976 ,- 122.9425 ,- 109.6603 ,- 97.5814 ,- 105.5080 ,- 100.6685 ,- 94.8362 ,- 84.7365 ,- 81.5211 ,- 66.1611 ,- 54.2203 ,- 43.5650 ,- 35.5956 , 21.7315 ,
03-13-2020 ,12:12:00 ,       9081.892, 250  ,            10  , 32  , 111  ,- 14.8208 , 11.4806 ,- 6.4669 ,- 13.3808 ,- 19.0060 ,- 35.4904 ,- 40.6751 ,- 44.8866 ,- 47.7469 ,- 48.6740 ,- 49.7063 ,- 48.3058 ,- 47.0137 ,- 43.6307 ,- 41.4313 ,- 138.7365 ,- 171.3404 ,- 152.4987 ,- 142.0768 ,- 122.5053 ,- 107.2012 ,- 95.9146 ,- 104.0154 ,- 98.6401 ,- 93.3831 ,- 82.1721 ,- 79.5485 ,- 63.6230 ,- 51.6724 ,- 41.9770 ,- 35.1025 , 21.1595 ,
03-13-2020 ,12:12:00 ,       9082.515, 250  ,            10  , 32  , 111  ,- 15.1167 , 11.1945 ,- 6.5721 ,- 13.3808 ,- 19.6997 ,- 35.2932 ,- 41.2669 ,- 45.3830 ,- 48.3255 ,- 49.2724 ,- 50.5085 ,- 48.8976 ,- 48.0066 ,- 45.0148 ,- 43.0455 ,- 136.5864 ,- 168.1020 ,- 149.5530 ,- 138.5688 ,- 117.5080 ,- 105.4981 ,- 93.9485 ,- 101.9277 ,- 97.4795 ,- 90.9601 ,- 81.5047 ,- 77.9540 ,- 63.6230 ,- 51.8532 ,- 41.4806 ,- 35.4970 , 20.3934 ,
03-13-2020 ,12:12:01 ,       9082.95, 250  ,             10  , 32  , 111  ,- 8.3901 , 11.0992 ,- 8.2422 ,- 15.1134 ,- 20.1929 ,- 36.6740 ,- 42.0559 ,- 46.2806 ,- 49.1014 ,- 50.3704 ,- 50.9096 ,- 49.1935 ,- 48.0066 ,- 44.7189 ,- 41.8093 ,- 134.2423 ,- 170.0647 ,- 152.0253 ,- 138.9601 ,- 120.9272 ,- 108.5228 ,- 96.8943 ,- 104.8110 ,- 99.8006 ,- 94.4483 ,- 83.5003 ,- 80.4888 ,- 65.0893 ,- 53.3096 ,- 43.1671 ,- 35.6943 , 21.2548 ,
03-13-2020 ,12:12:01 ,       9083.396, 250  ,            10  , 32  , 111  ,- 14.2258 , 12.3353 ,- 6.3616 ,- 13.7655 ,- 19.8970 ,- 36.2795 ,- 42.4504 ,- 46.5765 ,- 49.1967 ,- 50.6729 ,- 51.5113 ,- 49.7885 ,- 48.4044 ,- 45.2121 ,- 42.6674 ,- 140.2028 ,- 172.6160 ,- 154.1162 ,- 144.2204 ,- 120.4012 ,- 107.8620 ,- 96.5031 ,- 104.2127 ,- 99.9913 ,- 93.2844 ,- 83.5957 ,- 80.9589 ,- 65.0893 ,- 53.2209 ,- 42.6707 ,- 35.9934 , 19.8181 ,
03-13-2020 ,12:12:02 ,       9083.945, 250  ,            10  , 32  , 111  ,- 20.7551 , 11.6712 ,- 5.3162 ,- 12.3222 ,- 18.6115 ,- 34.8000 ,- 40.2806 ,- 45.0839 ,- 47.6482 ,- 49.0751 ,- 49.9069 ,- 48.7989 ,- 47.4115 ,- 44.6203 ,- 42.1907 ,- 141.9617 ,- 170.2620 ,- 152.1206 ,- 144.9042 ,- 118.8231 ,- 105.5935 ,- 95.4247 ,- 102.8220 ,- 97.5748 ,- 92.4132 ,- 81.6000 ,- 78.7990 ,- 63.6230 ,- 52.0373 ,- 41.5792 ,- 35.3984 , 20.7748 ,
03-13-2020 ,12:12:02 ,       9084.396, 250  ,            10  , 32  , 111  ,- 23.8192 , 12.4307 ,- 4.1688 ,- 11.6482 ,- 18.7101 ,- 34.8000 ,- 41.0696 ,- 44.9852 ,- 47.5496 ,- 49.4729 ,- 50.1074 ,- 48.7003 ,- 47.3129 ,- 44.2225 ,- 42.2860 ,- 145.5749 ,- 174.7760 ,- 156.5886 ,- 146.7551 ,- 118.3858 ,- 108.2401 ,- 96.7003 ,- 103.9168 ,- 99.1233 ,- 92.8965 ,- 82.5502 ,- 80.0187 ,- 64.3069 ,- 52.3102 ,- 42.1743 ,- 36.1907 , 21.5408 ,
03-13-2020 ,12:12:03 ,       9085.468, 250  ,            10  , 32  , 111  ,- 11.3589 , 10.7211 ,- 7.6143 ,- 14.0548 ,- 19.5025 ,- 35.2932 ,- 41.5628 ,- 45.7808 ,- 48.5195 ,- 49.8740 ,- 50.7091 ,- 49.2921 ,- 48.0066 ,- 44.2225 ,- 41.9047 ,- 134.0450 ,- 168.7891 ,- 151.1672 ,- 138.6675 ,- 120.4899 ,- 108.1447 ,- 96.2072 ,- 103.9168 ,- 98.7354 ,- 93.5770 ,- 82.7409 ,- 79.7359 ,- 64.5995 ,- 52.9480 ,- 42.7693 ,- 35.2997 , 20.4888 ,
03-13-2020 ,12:12:03 ,       9085.528, 250  ,            10  , 32  , 111  ,- 18.7759 , 11.6712 ,- 6.0493 ,- 13.2855 ,- 19.6011 ,- 35.9836 ,- 42.1545 ,- 46.4778 ,- 49.0028 ,- 50.5710 ,- 51.3107 ,- 49.6899 ,- 48.2071 ,- 45.2121 ,- 42.7628 ,- 138.4439 ,- 168.2006 ,- 150.2171 ,- 138.4702 ,- 112.2477 ,- 105.5935 ,- 93.5573 ,- 100.4351 ,- 96.2203 ,- 89.8948 ,- 79.9858 ,- 77.3918 ,- 62.6466 ,- 50.7650 ,- 41.3819 ,- 35.1025 , 20.9655 ,
03-13-2020 ,12:12:04 ,       9085.931, 250  ,            10  , 32  , 111  ,- 11.4575 , 10.6258 ,- 8.2422 ,- 14.2455 ,- 19.6997 ,- 35.3918 ,- 41.0696 ,- 45.0839 ,- 47.4543 ,- 49.1737 ,- 49.9069 ,- 48.7003 ,- 47.6088 ,- 44.5217 ,- 41.8093 ,- 136.0965 ,- 170.7519 ,- 152.3080 ,- 140.3245 ,- 122.4165 ,- 108.2401 ,- 96.7003 ,- 104.4132 ,- 99.0247 ,- 94.1590 ,- 83.3096 ,- 80.0187 ,- 64.7935 ,- 53.3096 ,- 42.1743 ,- 35.5956 , 21.3501 ,
03-13-2020 ,12:12:04 ,       9086.436, 250  ,            10  , 32  , 111  ,- 11.4575 , 12.2400 ,- 6.4669 ,- 13.9562 ,- 19.7984 ,- 36.1808 ,- 41.9573 ,- 46.1819 ,- 48.8088 ,- 50.0713 ,- 50.8077 ,- 49.3907 ,- 48.0066 ,- 44.7189 ,- 41.9047 ,- 135.2187 ,- 168.2006 ,- 150.3124 ,- 138.3749 ,- 119.1716 ,- 105.6855 ,- 94.1458 ,- 101.5299 ,- 96.8976 ,- 90.8647 ,- 81.1266 ,- 78.6115 ,- 63.1332 ,- 51.1266 ,- 41.8784 ,- 35.1025 , 22.1162 ,
03-13-2020 ,12:12:05 ,       9086.9, 250  ,              10  , 32  , 111  ,- 10.4680 , 9.8663 ,- 9.4915 ,- 15.3995 ,- 20.0943 ,- 36.3781 ,- 41.5628 ,- 45.5836 ,- 48.4241 ,- 49.7721 ,- 50.8077 ,- 48.9962 ,- 47.7107 ,- 45.5080 ,- 42.1907 ,- 134.3376 ,- 169.2790 ,- 150.8845 ,- 138.0823 ,- 120.5754 ,- 107.2965 ,- 95.6187 ,- 102.9206 ,- 98.0581 ,- 92.8011 ,- 82.0768 ,- 78.7036 ,- 63.4258 ,- 51.6724 ,- 42.0756 ,- 35.2997 , 21.1595 ,
03-13-2020 ,12:12:05 ,       9087.431, 250  ,            10  , 32  , 111  ,- 16.6981 , 13.2855 ,- 4.9019 ,- 12.4175 ,- 18.9074 ,- 34.9973 ,- 41.0696 ,- 45.3830 ,- 47.8422 ,- 49.1737 ,- 49.8050 ,- 48.1085 ,- 47.1124 ,- 44.3211 ,- 41.6219 ,- 139.2264 ,- 170.2620 ,- 151.7393 ,- 142.0768 ,- 117.6823 ,- 106.2543 ,- 95.0302 ,- 102.8220 ,- 97.7688 ,- 91.8313 ,- 81.6000 ,- 79.3611 ,- 64.2083 ,- 51.8532 ,- 42.0756 ,- 35.0006 , 20.9655 ,
03-13-2020 ,12:12:06 ,       9087.938, 250  ,            10  , 32  , 111  ,- 6.8088 , 10.7211 ,- 9.5967 ,- 15.7874 ,- 20.7880 ,- 37.2658 ,- 42.9469 ,- 46.7770 ,- 49.1967 ,- 50.5710 ,- 51.0082 ,- 49.3907 ,- 47.9080 ,- 45.2121 ,- 42.4767 ,- 132.5787 ,- 167.6089 ,- 149.4576 ,- 137.4971 ,- 119.9639 ,- 106.1590 ,- 95.0302 ,- 102.3255 ,- 97.6702 ,- 92.4132 ,- 81.5047 ,- 78.6115 ,- 63.8170 ,- 52.6751 ,- 41.5792 ,- 35.0006 , 20.9655 ,
03-13-2020 ,12:12:06 ,       9088.443, 250  ,            10  , 32  , 111  ,- 5.4214 , 11.0038 ,- 9.4915 ,- 15.6888 ,- 19.9956 ,- 36.7726 ,- 42.2532 ,- 46.4778 ,- 48.7135 ,- 49.8740 ,- 50.6072 ,- 48.7989 ,- 47.0137 ,- 44.1239 ,- 41.3359 ,- 132.5787 ,- 169.5749 ,- 151.5486 ,- 137.9836 ,- 123.6428 ,- 108.3354 ,- 96.5031 ,- 104.4132 ,- 99.7020 ,- 93.7677 ,- 83.3096 ,- 80.8636 ,- 64.8921 ,- 52.7639 ,- 42.0756 ,- 34.7047 , 22.2115 ,
03-13-2020 ,12:12:07 ,       9088.926, 250  ,            10  , 32  , 111  ,- 11.0597 , 11.5759 ,- 7.6143 ,- 14.3441 ,- 19.7984 ,- 35.8850 ,- 41.4641 ,- 45.7808 ,- 48.0362 ,- 49.4729 ,- 49.7063 ,- 48.4044 ,- 47.3129 ,- 44.1239 ,- 41.3359 ,- 139.4203 ,- 174.5787 ,- 155.3524 ,- 143.0499 ,- 123.1168 ,- 109.3743 ,- 97.8773 ,- 105.8072 ,- 100.9579 ,- 94.9316 ,- 84.7365 ,- 81.1463 ,- 66.0658 ,- 54.4011 ,- 43.7622 ,- 35.8948 , 22.4022 ,
03-13-2020 ,12:12:07 ,       9089.405, 250  ,            10  , 32  , 111  ,- 12.1480 , 12.1447 ,- 5.5266 ,- 12.8975 ,- 19.0060 ,- 35.1945 ,- 40.8724 ,- 45.4850 ,- 47.9376 ,- 49.6735 ,- 50.3080 ,- 48.7989 ,- 47.3129 ,- 43.7293 ,- 40.5765 ,- 137.1716 ,- 171.2417 ,- 152.3080 ,- 140.4198 ,- 122.7683 ,- 106.6324 ,- 95.9146 ,- 103.6176 ,- 98.3475 ,- 92.7058 ,- 81.7907 ,- 79.6439 ,- 64.1096 ,- 52.3102 ,- 42.7693 ,- 35.0006 , 21.7315 ,
03-13-2020 ,12:12:08 ,       9089.938, 250  ,            10  , 32  , 111  ,- 11.6548 , 11.3852 ,- 7.9266 ,- 14.5348 ,- 20.0943 ,- 35.8850 ,- 41.6614 ,- 45.8795 ,- 48.1315 ,- 49.4729 ,- 50.3080 ,- 48.5030 ,- 47.6088 ,- 44.5217 ,- 42.0033 ,- 136.0012 ,- 169.4763 ,- 151.0719 ,- 139.0554 ,- 119.1716 ,- 107.2965 ,- 95.2274 ,- 102.3255 ,- 98.2521 ,- 92.3179 ,- 81.9814 ,- 79.2691 ,- 64.1096 ,- 52.5830 ,- 42.0756 ,- 35.4970 , 21.0641 ,
03-13-2020 ,12:12:08 ,       9090.459, 250  ,            10  , 32  , 111  ,- 9.9748 , 10.5304 ,- 8.2422 ,- 14.5348 ,- 19.8970 ,- 36.7726 ,- 42.1545 ,- 46.2806 ,- 49.0028 ,- 50.2718 ,- 51.1102 ,- 49.2921 ,- 47.9080 ,- 44.9162 ,- 42.2860 ,- 134.8275 ,- 170.0647 ,- 151.9299 ,- 138.8615 ,- 119.7864 ,- 109.0916 ,- 97.0916 ,- 104.9096 ,- 99.8006 ,- 94.4483 ,- 83.3096 ,- 81.0543 ,- 65.3820 ,- 52.9480 ,- 42.6707 ,- 35.2011 , 22.2115 ,
03-13-2020 ,12:12:09 ,       9090.938, 250  ,            10  , 32  , 111  ,- 15.2154 , 12.2400 ,- 6.5721 ,- 13.5715 ,- 19.6011 ,- 35.8850 ,- 41.7600 ,- 46.4778 ,- 48.6148 ,- 50.3704 ,- 50.8077 ,- 49.5880 ,- 47.7107 ,- 45.1134 ,- 42.8581 ,- 139.1277 ,- 172.2247 ,- 153.4489 ,- 143.1486 ,- 123.6428 ,- 108.6181 ,- 97.1902 ,- 105.1102 ,- 100.6685 ,- 94.8362 ,- 84.6411 ,- 81.2417 ,- 66.1611 ,- 53.9474 ,- 42.9699 ,- 35.9934 , 20.9655 ,
03-13-2020 ,12:12:09 ,       9091.441, 250  ,            10  , 32  , 111  ,- 7.8970 , 9.4849 ,- 10.6422 ,- 16.4581 ,- 21.2811 ,- 38.4493 ,- 43.5387 ,- 47.2734 ,- 49.9726 ,- 51.2680 ,- 52.0110 ,- 50.4789 ,- 48.7036 ,- 45.5080 ,- 42.3814 ,- 132.1908 ,- 167.5135 ,- 149.3623 ,- 137.2045 ,- 120.6642 ,- 105.8762 ,- 95.3261 ,- 103.0192 ,- 97.4795 ,- 92.3179 ,- 81.6954 ,- 79.2691 ,- 63.9156 ,- 52.3102 ,- 42.1743 ,- 35.7962 , 21.4455 ,
03-13-2020 ,12:12:10 ,       9091.957, 250  ,            10  , 32  , 111  ,- 8.5874 , 9.6756 ,- 9.0773 ,- 15.2088 ,- 20.2915 ,- 36.3781 ,- 42.1545 ,- 45.9814 ,- 48.5195 ,- 49.7721 ,- 50.4066 ,- 48.7989 ,- 47.2110 ,- 43.9266 ,- 41.4313 ,- 131.8949 ,- 166.6291 ,- 148.8856 ,- 137.7897 ,- 125.4839 ,- 105.7842 ,- 94.4417 ,- 102.8220 ,- 98.8307 ,- 92.4132 ,- 82.1721 ,- 79.2691 ,- 64.2083 ,- 52.3989 ,- 42.7693 ,- 35.6943 , 21.9255 ,
03-13-2020 ,12:12:10 ,       9092.759, 250  ,            10  , 32  , 111  ,- 15.1167 , 10.3397 ,- 7.8247 ,- 13.7655 ,- 19.5025 ,- 36.3781 ,- 41.8587 ,- 45.7808 ,- 48.9074 ,- 49.8740 ,- 50.6072 ,- 49.2921 ,- 48.0066 ,- 45.3107 ,- 42.5721 ,- 136.5864 ,- 168.7891 ,- 150.7891 ,- 140.1272 ,- 119.2603 ,- 106.3496 ,- 95.3261 ,- 102.9206 ,- 97.6702 ,- 92.2192 ,- 81.2220 ,- 78.4241 ,- 62.7420 ,- 51.2187 ,- 40.9841 ,- 35.3984 , 21.1595 ,
03-13-2020 ,12:12:11 ,       9092.936, 250  ,            10  , 32  , 111  ,- 13.5321 , 11.7633 ,- 6.7792 ,- 13.6669 ,- 19.6997 ,- 35.8850 ,- 41.6614 ,- 45.9814 ,- 48.2269 ,- 49.5748 ,- 50.5085 ,- 48.7989 ,- 47.4115 ,- 43.9266 ,- 41.7173 ,- 138.1480 ,- 171.5376 ,- 153.0708 ,- 141.4916 ,- 121.2757 ,- 108.5228 ,- 96.7990 ,- 104.2127 ,- 100.0899 ,- 93.7677 ,- 83.5003 ,- 80.7716 ,- 65.6746 ,- 53.4017 ,- 42.9699 ,- 35.0006 , 20.7748 ,
03-13-2020 ,12:12:11 ,       9093.458, 250  ,            10  , 32  , 111  ,- 17.3918 , 12.5260 ,- 4.4844 ,- 11.7436 ,- 18.3123 ,- 34.0110 ,- 39.7841 ,- 44.2882 ,- 46.9710 ,- 48.4767 ,- 49.4039 ,- 47.9113 ,- 46.4187 ,- 43.9266 ,- 40.9545 ,- 140.4954 ,- 171.3404 ,- 152.3080 ,- 144.3190 ,- 122.6795 ,- 105.4028 ,- 95.0302 ,- 103.1212 ,- 97.4795 ,- 92.4132 ,- 81.3140 ,- 78.0494 ,- 62.4493 ,- 51.1266 ,- 41.1814 ,- 34.8033 , 22.4022 ,
03-13-2020 ,12:12:12 ,       9093.973, 250  ,            10  , 32  , 111  ,- 11.1584 , 11.7633 ,- 6.8844 ,- 14.2455 ,- 19.6997 ,- 35.5891 ,- 41.2669 ,- 45.3830 ,- 47.6482 ,- 48.8745 ,- 49.7063 ,- 48.0099 ,- 46.6159 ,- 43.5321 ,- 40.9545 ,- 135.0214 ,- 168.1020 ,- 150.6938 ,- 137.7897 ,- 117.3338 ,- 107.3885 ,- 95.0302 ,- 102.4242 ,- 98.4428 ,- 92.1239 ,- 82.0768 ,- 79.7359 ,- 64.5009 ,- 52.7639 ,- 42.2729 ,- 34.4055 , 21.2548 ,
03-13-2020 ,12:12:12 ,       9094.422, 250  ,            10  , 32  , 111  ,- 16.0077 , 11.8586 ,- 5.6318 ,- 12.8022 ,- 18.8088 ,- 34.8986 ,- 40.3792 ,- 44.7847 ,- 47.6482 ,- 49.0751 ,- 50.0055 ,- 48.7003 ,- 47.1124 ,- 43.6307 ,- 40.8625 ,- 139.3217 ,- 171.4390 ,- 153.1661 ,- 142.8560 ,- 125.6614 ,- 107.5792 ,- 96.6017 ,- 104.8110 ,- 99.8959 ,- 94.6422 ,- 83.5957 ,- 80.3014 ,- 65.1847 ,- 53.4017 ,- 43.5650 ,- 35.0006 , 21.4455 ,
03-13-2020 ,12:12:13 ,       9094.959, 250  ,            10  , 32  , 111  ,- 12.4438 , 11.3852 ,- 7.3019 ,- 14.1501 ,- 19.7984 ,- 36.1808 ,- 41.6614 ,- 45.6822 ,- 48.0362 ,- 49.4729 ,- 50.0055 ,- 48.4044 ,- 47.1124 ,- 44.5217 ,- 41.9047 ,- 136.5864 ,- 170.2620 ,- 151.9299 ,- 140.9064 ,- 120.4012 ,- 107.4839 ,- 95.4247 ,- 102.8220 ,- 98.7354 ,- 92.4132 ,- 82.1721 ,- 79.6439 ,- 64.6981 ,- 52.4910 ,- 42.6707 ,- 35.2011 , 23.1682 ,
03-13-2020 ,12:12:13 ,       9095.457, 250  ,            10  , 32  , 111  ,- 14.3244 , 11.8586 ,- 6.3616 ,- 13.2855 ,- 19.4038 ,- 35.2932 ,- 40.7737 ,- 44.8866 ,- 47.7469 ,- 49.1737 ,- 50.3080 ,- 48.6017 ,- 47.4115 ,- 44.3211 ,- 41.5266 ,- 138.9338 ,- 172.7146 ,- 154.3069 ,- 142.0768 ,- 122.5908 ,- 108.5228 ,- 96.6017 ,- 104.3146 ,- 99.1233 ,- 93.3831 ,- 82.7409 ,- 78.9863 ,- 63.4258 ,- 51.6724 ,- 41.5792 ,- 35.5956 , 20.6795 ,
03-13-2020 ,12:12:14 ,       9095.96, 250  ,             10  , 32  , 111  ,- 6.6082 , 13.0948 ,- 7.0915 ,- 14.1501 ,- 19.6997 ,- 36.1808 ,- 41.5628 ,- 45.8795 ,- 48.4241 ,- 49.4729 ,- 50.3080 ,- 48.6017 ,- 47.6088 ,- 43.9266 ,- 41.3359 ,- 135.1201 ,- 171.6330 ,- 152.9754 ,- 139.6406 ,- 118.6455 ,- 108.7135 ,- 96.5031 ,- 104.1140 ,- 99.7020 ,- 93.4784 ,- 83.4050 ,- 80.5842 ,- 65.1847 ,- 53.1288 ,- 42.5721 ,- 34.5074 , 22.1162 ,
03-13-2020 ,12:12:14 ,       9096.474, 250  ,            10  , 32  , 111  ,- 10.5666 , 11.7633 ,- 7.1967 ,- 13.8608 ,- 19.8970 ,- 36.2795 ,- 41.7600 ,- 46.1819 ,- 48.6148 ,- 50.0713 ,- 50.7091 ,- 48.9962 ,- 47.5102 ,- 44.6203 ,- 42.0954 ,- 133.0686 ,- 167.0204 ,- 149.1716 ,- 136.7179 ,- 117.9453 ,- 106.8231 ,- 95.0302 ,- 102.4242 ,- 97.9628 ,- 92.5085 ,- 81.9814 ,- 78.7990 ,- 63.9156 ,- 52.3102 ,- 41.7765 ,- 35.7962 , 19.7227 ,
03-13-2020 ,12:12:15 ,       9096.951, 250  ,            10  , 32  , 111  ,- 14.0285 , 11.3852 ,- 6.9896 ,- 13.4762 ,- 19.2033 ,- 35.1945 ,- 41.2669 ,- 45.1858 ,- 47.7469 ,- 49.2724 ,- 49.9069 ,- 48.3058 ,- 47.1124 ,- 43.9266 ,- 41.5266 ,- 136.5864 ,- 168.6905 ,- 150.3124 ,- 139.5420 ,- 118.0340 ,- 106.0669 ,- 94.9316 ,- 102.1250 ,- 97.8642 ,- 91.8313 ,- 81.9814 ,- 79.2691 ,- 64.7935 ,- 52.5830 ,- 42.6707 ,- 34.7047 , 22.8822 ,
03-13-2020 ,12:12:15 ,       9097.429, 250  ,            10  , 32  , 111  ,- 16.5995 , 10.9085 ,- 6.3616 ,- 12.9962 ,- 19.5025 ,- 35.7863 ,- 41.2669 ,- 45.5836 ,- 48.3255 ,- 49.3743 ,- 50.2061 ,- 48.8976 ,- 47.9080 ,- 45.0148 ,- 42.3814 ,- 136.3924 ,- 168.6905 ,- 150.9765 ,- 139.5420 ,- 118.2083 ,- 107.0105 ,- 95.5201 ,- 102.9206 ,- 98.8307 ,- 93.1891 ,- 82.3595 ,- 78.9863 ,- 64.0143 ,- 52.6751 ,- 42.1743 ,- 35.6943 , 21.4455 ,
03-13-2020 ,12:12:16 ,       9097.978, 250  ,            10  , 32  , 111  ,- 10.5666 , 9.7710 ,- 8.9721 ,- 15.2088 ,- 19.7984 ,- 36.1808 ,- 41.7600 ,- 45.6822 ,- 48.3255 ,- 49.9726 ,- 50.4066 ,- 48.8976 ,- 47.4115 ,- 44.2225 ,- 41.2406 ,- 134.2423 ,- 169.4763 ,- 152.0253 ,- 139.0554 ,- 120.8384 ,- 108.9962 ,- 97.4828 ,- 104.6138 ,- 99.7020 ,- 94.2543 ,- 83.4050 ,- 81.2417 ,- 65.6746 ,- 53.7666 ,- 43.6636 ,- 35.7962 , 21.9255 ,
03-13-2020 ,12:12:16 ,       9098.453, 250  ,            10  , 32  , 111  ,- 13.3348 , 12.9041 ,- 5.3162 ,- 12.3222 ,- 18.7101 ,- 34.2082 ,- 40.0800 ,- 44.3902 ,- 47.0663 ,- 48.4767 ,- 49.4039 ,- 47.9113 ,- 47.0137 ,- 44.1239 ,- 41.3359 ,- 137.4642 ,- 171.5376 ,- 153.2615 ,- 141.7842 ,- 122.4165 ,- 109.0916 ,- 97.2888 ,- 104.7124 ,- 100.4779 ,- 94.5469 ,- 84.0724 ,- 80.3968 ,- 65.4773 ,- 53.2209 ,- 42.6707 ,- 35.5956 , 20.3934 ,
03-13-2020 ,12:12:17 ,       9098.977, 250  ,            10  , 32  , 111  ,- 19.8641 , 12.9995 ,- 4.1688 ,- 11.9375 ,- 18.6115 ,- 35.0959 ,- 40.9710 ,- 45.3830 ,- 47.9376 ,- 49.3743 ,- 50.4066 ,- 48.9962 ,- 47.5102 ,- 43.9266 ,- 41.5266 ,- 142.7442 ,- 172.2247 ,- 153.3535 ,- 145.8773 ,- 120.4899 ,- 105.8762 ,- 95.5201 ,- 102.8220 ,- 97.8642 ,- 92.0253 ,- 81.5047 ,- 79.3611 ,- 63.9156 ,- 51.8532 ,- 41.8784 ,- 35.0006 , 21.8301 ,
03-13-2020 ,12:12:17 ,       9099.434, 250  ,            10  , 32  , 111  ,- 11.2603 , 10.5304 ,- 8.1370 ,- 14.1501 ,- 19.6997 ,- 35.7863 ,- 41.1682 ,- 45.4850 ,- 47.5496 ,- 49.1737 ,- 50.2061 ,- 48.7003 ,- 47.3129 ,- 44.9162 ,- 42.4767 ,- 134.3376 ,- 168.1020 ,- 150.4077 ,- 139.4467 ,- 122.5908 ,- 106.6324 ,- 95.3261 ,- 103.2198 ,- 98.4428 ,- 92.7058 ,- 82.6455 ,- 79.0784 ,- 64.3069 ,- 52.7639 ,- 42.1743 ,- 35.3984 , 21.5408 ,
03-13-2020 ,12:12:18 ,       9099.94, 250  ,             10  , 32  , 111  ,- 18.1808 , 9.1989 ,- 7.6143 ,- 13.6669 ,- 19.6011 ,- 36.0822 ,- 41.8587 ,- 46.2806 ,- 49.1014 ,- 50.4724 ,- 51.5113 ,- 50.3803 ,- 49.0028 ,- 46.0044 ,- 43.5222 ,- 136.0012 ,- 168.2006 ,- 150.4077 ,- 139.0554 ,- 117.5080 ,- 106.6324 ,- 95.3261 ,- 102.4242 ,- 97.3809 ,- 91.9299 ,- 80.9359 ,- 78.7036 ,- 62.9392 ,- 50.9458 ,- 41.6778 ,- 35.4970 , 22.0208 ,
03-13-2020 ,12:12:18 ,       9100.473, 250  ,            10  , 32  , 111  ,- 17.9836 , 11.6712 ,- 5.8389 ,- 12.9962 ,- 19.5025 ,- 35.0959 ,- 41.5628 ,- 45.8795 ,- 48.3255 ,- 49.8740 ,- 50.6072 ,- 49.2921 ,- 47.9080 ,- 44.9162 ,- 42.8581 ,- 140.1042 ,- 169.6702 ,- 151.3579 ,- 142.9546 ,- 120.4012 ,- 104.7420 ,- 94.2444 ,- 102.1250 ,- 97.0916 ,- 91.4466 ,- 81.0313 ,- 77.9540 ,- 63.1332 ,- 51.4915 ,- 41.6778 ,- 36.1907 , 21.4455 ,
03-13-2020 ,12:12:19 ,       9100.981, 250  ,            10  , 32  , 111  ,- 13.6307 , 10.7211 ,- 7.8247 ,- 14.4395 ,- 20.0943 ,- 36.7726 ,- 42.2532 ,- 46.6751 ,- 49.0028 ,- 50.4724 ,- 51.0082 ,- 49.2921 ,- 47.9080 ,- 44.8176 ,- 41.9047 ,- 135.5113 ,- 167.9048 ,- 149.7404 ,- 138.8615 ,- 120.4012 ,- 105.9716 ,- 95.4247 ,- 102.8220 ,- 97.2855 ,- 92.2192 ,- 81.0313 ,- 78.9863 ,- 63.6230 ,- 51.9452 ,- 41.9770 ,- 35.5956 , 20.8701 ,
03-13-2020 ,12:12:19 ,       9101.439, 250  ,            10  , 32  , 111  ,- 13.8312 , 11.1945 ,- 7.5090 ,- 14.2455 ,- 19.9956 ,- 35.9836 ,- 41.6614 ,- 45.9814 ,- 48.4241 ,- 49.7721 ,- 50.2061 ,- 48.3058 ,- 47.1124 ,- 44.2225 ,- 41.9047 ,- 136.7803 ,- 168.0034 ,- 150.2171 ,- 140.1272 ,- 121.8905 ,- 104.4592 ,- 94.0505 ,- 102.4242 ,- 97.7688 ,- 91.8313 ,- 81.7907 ,- 78.9863 ,- 63.9156 ,- 52.4910 ,- 41.9770 ,- 35.7962 , 21.3501 ,
03-13-2020 ,12:12:20 ,       9101.944, 250  ,            10  , 32  , 111  ,- 17.7863 , 11.3852 ,- 6.6740 ,- 13.3808 ,- 19.7984 ,- 36.6740 ,- 42.1545 ,- 46.8756 ,- 49.1014 ,- 50.6729 ,- 51.6099 ,- 49.8871 ,- 48.5030 ,- 45.6066 ,- 42.9502 ,- 138.9338 ,- 170.2620 ,- 152.2127 ,- 141.0050 ,- 115.1409 ,- 106.4450 ,- 95.3261 ,- 102.7233 ,- 97.6702 ,- 92.1239 ,- 81.2220 ,- 78.3288 ,- 62.9392 ,- 51.1266 ,- 41.3819 ,- 35.8948 , 21.3501 ,
03-13-2020 ,12:12:20 ,       9102.439, 250  ,            10  , 32  , 111  ,- 12.2466 , 12.1447 ,- 6.6740 ,- 13.6669 ,- 19.5025 ,- 35.0959 ,- 41.1682 ,- 45.1858 ,- 47.8422 ,- 48.8745 ,- 49.7063 ,- 48.3058 ,- 46.9151 ,- 43.7293 ,- 40.8625 ,- 139.4203 ,- 173.5004 ,- 154.4976 ,- 143.4412 ,- 122.5053 ,- 108.2401 ,- 97.0916 ,- 104.7124 ,- 100.0899 ,- 93.7677 ,- 83.5957 ,- 80.7716 ,- 65.2833 ,- 53.1288 ,- 42.9699 ,- 35.5956 , 21.6362 ,
03-13-2020 ,12:12:21 ,       9102.979, 250  ,            10  , 32  , 111  ,- 19.9627 , 12.9995 ,- 3.1266 ,- 10.9743 ,- 18.4110 ,- 33.9123 ,- 39.7841 ,- 44.3902 ,- 47.3589 ,- 48.5754 ,- 49.8050 ,- 48.3058 ,- 46.9151 ,- 44.0252 ,- 40.6685 ,- 141.4719 ,- 170.7519 ,- 152.0253 ,- 143.7338 ,- 120.8384 ,- 104.5513 ,- 94.4417 ,- 101.4313 ,- 96.5096 ,- 91.2494 ,- 79.8905 ,- 77.1091 ,- 61.4729 ,- 50.1272 ,- 40.6882 ,- 34.5074 , 21.6362 ,
03-13-2020 ,12:12:21 ,       9103.481, 250  ,            10  , 32  , 111  ,- 10.4680 , 12.2400 ,- 6.1512 ,- 13.6669 ,- 20.0943 ,- 36.1808 ,- 42.3518 ,- 46.8756 ,- 49.2954 ,- 50.8702 ,- 51.4093 ,- 49.8871 ,- 48.3058 ,- 44.9162 ,- 42.4767 ,- 135.0214 ,- 169.2790 ,- 151.0719 ,- 138.5688 ,- 118.0340 ,- 106.6324 ,- 95.2274 ,- 102.7233 ,- 98.4428 ,- 91.6373 ,- 81.7907 ,- 79.2691 ,- 63.8170 ,- 51.5836 ,- 41.8784 ,- 35.3984 , 21.2548 ,
03-13-2020 ,12:12:22 ,       9103.955, 250  ,            10  , 32  , 111  ,- 13.0389 , 11.9540 ,- 7.1967 ,- 13.5715 ,- 19.4038 ,- 35.4904 ,- 41.1682 ,- 45.1858 ,- 47.7469 ,- 49.0751 ,- 49.9069 ,- 48.4044 ,- 47.4115 ,- 44.5217 ,- 41.3359 ,- 135.9025 ,- 169.0817 ,- 150.5031 ,- 139.5420 ,- 121.3644 ,- 105.7842 ,- 95.1288 ,- 102.6247 ,- 97.1869 ,- 91.9299 ,- 81.2220 ,- 78.1414 ,- 62.8406 ,- 51.0378 ,- 41.3819 ,- 35.1025 , 22.2115 ,
03-13-2020 ,12:12:22 ,       9104.477, 250  ,            10  , 32  , 111  ,- 10.8625 , 11.1945 ,- 7.6143 ,- 14.2455 ,- 19.5025 ,- 35.4904 ,- 41.2669 ,- 45.2844 ,- 47.9376 ,- 49.6735 ,- 50.1074 ,- 48.2071 ,- 46.7145 ,- 43.6307 ,- 41.1452 ,- 133.0686 ,- 167.7075 ,- 149.7404 ,- 137.4971 ,- 118.4713 ,- 107.2012 ,- 94.7376 ,- 102.8220 ,- 98.3475 ,- 92.2192 ,- 82.0768 ,- 79.9266 ,- 64.8921 ,- 53.0367 ,- 42.6707 ,- 35.1025 , 22.3069 ,
03-13-2020 ,12:12:23 ,       9104.971, 250  ,            10  , 32  , 111  ,- 10.5666 , 10.6258 ,- 7.4038 ,- 13.9562 ,- 19.4038 ,- 35.2932 ,- 40.7737 ,- 45.0839 ,- 47.6482 ,- 49.2724 ,- 49.9069 ,- 48.6017 ,- 47.4115 ,- 44.1239 ,- 41.6219 ,- 131.8949 ,- 166.2379 ,- 148.5075 ,- 136.2280 ,- 119.6976 ,- 105.3107 ,- 94.8329 ,- 102.5228 ,- 97.9628 ,- 92.5085 ,- 81.7907 ,- 78.5162 ,- 64.1096 ,- 51.6724 ,- 41.5792 ,- 35.1025 , 21.3501 ,
03-13-2020 ,12:12:23 ,       9105.491, 250  ,            10  , 32  , 111  ,- 11.8521 , 11.3852 ,- 7.9266 ,- 14.1501 ,- 19.9956 ,- 36.4767 ,- 42.3518 ,- 46.3792 ,- 48.9074 ,- 50.5710 ,- 51.1102 ,- 49.5880 ,- 47.7107 ,- 44.5217 ,- 41.6219 ,- 138.2499 ,- 172.1261 ,- 153.5442 ,- 141.2976 ,- 124.3431 ,- 108.2401 ,- 96.9929 ,- 104.8110 ,- 99.8006 ,- 93.3831 ,- 83.8817 ,- 81.3337 ,- 66.3584 ,- 54.1283 ,- 44.0614 ,- 35.5956 , 21.2548 ,
03-13-2020 ,12:12:24 ,       9105.949, 250  ,            10  , 32  , 111  ,- 16.0077 , 12.8088 ,- 5.6318 ,- 12.8022 ,- 19.2033 ,- 35.0959 ,- 40.8724 ,- 45.1858 ,- 47.9376 ,- 49.4729 ,- 50.3080 ,- 48.7989 ,- 47.3129 ,- 44.3211 ,- 41.1452 ,- 142.6456 ,- 174.1875 ,- 155.4478 ,- 146.9491 ,- 125.3951 ,- 107.3885 ,- 96.9929 ,- 104.8110 ,- 99.5080 ,- 93.8663 ,- 83.2143 ,- 79.7359 ,- 64.6981 ,- 52.6751 ,- 42.6707 ,- 35.5956 , 21.0641 ,
03-13-2020 ,12:12:24 ,       9106.474, 250  ,            10  , 32  , 111  ,- 10.6652 , 11.9540 ,- 7.1967 ,- 14.0548 ,- 20.0943 ,- 36.8713 ,- 42.4504 ,- 46.9776 ,- 49.3907 ,- 50.6729 ,- 51.5113 ,- 49.9825 ,- 48.2071 ,- 44.9162 ,- 41.9047 ,- 135.1201 ,- 169.2790 ,- 150.8845 ,- 139.2494 ,- 119.8751 ,- 106.3496 ,- 95.3261 ,- 102.9206 ,- 98.1535 ,- 92.3179 ,- 81.9814 ,- 79.3611 ,- 63.9156 ,- 51.9452 ,- 42.2729 ,- 35.6943 , 21.3501 ,
03-13-2020 ,12:12:25 ,       9106.993, 250  ,            10  , 32  , 111  ,- 17.4904 , 11.6712 ,- 6.2564 ,- 13.3808 ,- 19.7984 ,- 35.3918 ,- 41.4641 ,- 45.6822 ,- 48.0362 ,- 49.3743 ,- 50.3080 ,- 48.6017 ,- 47.6088 ,- 44.2225 ,- 41.5266 ,- 140.6894 ,- 171.5376 ,- 152.8801 ,- 144.0264 ,- 119.0861 ,- 106.4450 ,- 95.5201 ,- 102.9206 ,- 98.1535 ,- 92.6072 ,- 81.9814 ,- 78.6115 ,- 63.2318 ,- 51.9452 ,- 41.9770 ,- 35.7962 , 20.8701 ,
03-13-2020 ,12:12:25 ,       9107.482, 250  ,            10  , 32  , 111  ,- 16.0077 , 13.0948 ,- 5.1090 ,- 12.7069 ,- 19.1047 ,- 35.2932 ,- 40.6751 ,- 45.5836 ,- 47.9376 ,- 49.4729 ,- 50.3080 ,- 48.7989 ,- 47.2110 ,- 43.9266 ,- 40.9545 ,- 139.9102 ,- 169.6702 ,- 151.4532 ,- 143.4412 ,- 125.2209 ,- 104.9294 ,- 94.9316 ,- 102.5228 ,- 97.4795 ,- 91.9299 ,- 81.3140 ,- 78.6115 ,- 63.4258 ,- 51.4915 ,- 42.2729 ,- 35.2011 , 21.9255 ,
03-13-2020 ,12:12:26 ,       9107.964, 250  ,            10  , 32  , 111  ,- 19.2691 , 12.1447 ,- 5.4214 ,- 12.9962 ,- 19.4038 ,- 35.1945 ,- 41.4641 ,- 45.5836 ,- 48.3255 ,- 49.5748 ,- 50.9096 ,- 48.9962 ,- 47.6088 ,- 44.7189 ,- 42.4767 ,- 140.5941 ,- 168.3946 ,- 150.7891 ,- 143.2472 ,- 119.8751 ,- 103.9858 ,- 93.2614 ,- 101.2307 ,- 96.7036 ,- 91.2494 ,- 80.7452 ,- 77.4839 ,- 62.8406 ,- 51.4915 ,- 40.7869 ,- 35.1025 , 21.7315 ,
03-13-2020 ,12:12:26 ,       9108.478, 250  ,            10  , 32  , 111  ,- 17.1945 , 12.8088 ,- 4.7967 ,- 12.4175 ,- 18.9074 ,- 35.7863 ,- 41.9573 ,- 46.3792 ,- 49.1967 ,- 50.7715 ,- 51.5113 ,- 49.7885 ,- 48.4044 ,- 45.3107 ,- 42.7628 ,- 140.6894 ,- 172.6160 ,- 154.1162 ,- 144.0264 ,- 119.3491 ,- 108.3354 ,- 96.8943 ,- 104.6138 ,- 99.3140 ,- 93.5770 ,- 82.6455 ,- 80.5842 ,- 64.7935 ,- 52.3989 ,- 42.0756 ,- 35.9934 , 21.5408 ,
03-13-2020 ,12:12:27 ,       9108.986, 250  ,            10  , 32  , 111  ,- 9.1825 , 9.1989 ,- 10.6422 ,- 16.0734 ,- 21.1825 ,- 37.2658 ,- 42.5491 ,- 46.5765 ,- 48.8088 ,- 50.0713 ,- 50.6072 ,- 48.9962 ,- 47.6088 ,- 45.1134 ,- 42.5721 ,- 133.5584 ,- 169.6702 ,- 151.5486 ,- 138.3749 ,- 122.6795 ,- 108.6181 ,- 96.9929 ,- 105.0116 ,- 100.3792 ,- 94.4483 ,- 84.0724 ,- 80.9589 ,- 65.5759 ,- 53.8554 ,- 42.6707 ,- 36.0921 , 21.4455 ,
03-13-2020 ,12:12:27 ,       9109.503, 250  ,            10  , 32  , 111  ,- 18.0822 , 11.7633 ,- 5.2142 ,- 12.5162 ,- 19.4038 ,- 35.7863 ,- 41.8587 ,- 45.9814 ,- 49.1967 ,- 50.3704 ,- 51.3107 ,- 49.9825 ,- 48.5030 ,- 45.4093 ,- 42.4767 ,- 139.1277 ,- 171.2417 ,- 152.6894 ,- 141.1036 ,- 118.1195 ,- 108.1447 ,- 96.9929 ,- 104.3146 ,- 99.1233 ,- 93.3831 ,- 82.2642 ,- 80.3968 ,- 64.4055 ,- 52.4910 ,- 42.7693 ,- 35.5956 , 22.2115 ,
03-13-2020 ,12:12:28 ,       9109.974, 250  ,            10  , 32  , 111  ,- 12.3452 , 11.1945 ,- 7.6143 ,- 14.4395 ,- 19.9956 ,- 36.0822 ,- 41.4641 ,- 45.6822 ,- 48.1315 ,- 49.6735 ,- 50.5085 ,- 48.6017 ,- 47.3129 ,- 44.6203 ,- 42.1907 ,- 137.2702 ,- 171.3404 ,- 152.9754 ,- 141.0050 ,- 119.3491 ,- 108.0494 ,- 96.5031 ,- 104.1140 ,- 99.2187 ,- 93.4784 ,- 83.1189 ,- 80.2061 ,- 64.8921 ,- 52.6751 ,- 41.7765 ,- 35.6943 , 21.4455 ,
03-13-2020 ,12:12:28 ,       9110.473, 250  ,            10  , 32  , 111  ,- 10.3693 , 11.9540 ,- 6.6740 ,- 14.0548 ,- 19.8970 ,- 36.2795 ,- 42.0559 ,- 46.3792 ,- 48.9074 ,- 50.2718 ,- 51.1102 ,- 49.4893 ,- 47.6088 ,- 44.8176 ,- 41.5266 ,- 135.0214 ,- 168.7891 ,- 150.9765 ,- 139.6406 ,- 123.0313 ,- 105.6855 ,- 95.2274 ,- 102.9206 ,- 98.0581 ,- 92.3179 ,- 81.5047 ,- 78.9863 ,- 63.6230 ,- 52.3102 ,- 42.6707 ,- 35.0006 , 21.9255 ,
03-13-2020 ,12:12:29 ,       9110.989, 250  ,            10  , 32  , 111  ,- 13.4334 , 9.6756 ,- 8.3441 ,- 14.5348 ,- 19.7984 ,- 36.1808 ,- 42.0559 ,- 46.5765 ,- 48.6148 ,- 49.9726 ,- 50.6072 ,- 49.0948 ,- 47.6088 ,- 44.7189 ,- 42.1907 ,- 136.0012 ,- 170.0647 ,- 151.8313 ,- 139.4467 ,- 118.2083 ,- 107.8620 ,- 95.8159 ,- 103.6176 ,- 99.0247 ,- 93.1891 ,- 82.9315 ,- 80.0187 ,- 64.7935 ,- 53.2209 ,- 42.8713 ,- 36.0921 , 21.1595 ,
03-13-2020 ,12:12:29 ,       9111.521, 250  ,            10  , 32  , 111  ,- 8.9852 , 9.5803 ,- 9.9123 ,- 15.5934 ,- 20.3901 ,- 36.5754 ,- 41.8587 ,- 45.7808 ,- 48.6148 ,- 50.0713 ,- 50.5085 ,- 48.7989 ,- 47.5102 ,- 44.5217 ,- 41.9047 ,- 134.3376 ,- 170.2620 ,- 151.5486 ,- 138.8615 ,- 119.6976 ,- 107.6746 ,- 95.6187 ,- 103.1212 ,- 97.7688 ,- 92.2192 ,- 81.0313 ,- 78.4241 ,- 62.6466 ,- 51.0378 ,- 41.5792 ,- 35.0006 , 22.7869 ,
03-13-2020 ,12:12:30 ,       9111.989, 250  ,            10  , 32  , 111  ,- 18.8745 , 8.3474 ,- 8.1370 ,- 13.8608 ,- 19.6997 ,- 35.6877 ,- 41.4641 ,- 45.4850 ,- 47.6482 ,- 49.1737 ,- 49.8050 ,- 48.9962 ,- 47.2110 ,- 44.5217 ,- 42.1907 ,- 137.3688 ,- 168.9831 ,- 151.3579 ,- 139.9332 ,- 116.9820 ,- 107.2012 ,- 95.3261 ,- 102.5228 ,- 98.4428 ,- 92.0253 ,- 82.2642 ,- 79.5485 ,- 64.4055 ,- 52.5830 ,- 42.2729 ,- 35.4970 , 20.3934 ,
03-13-2020 ,12:12:30 ,       9112.484, 250  ,            10  , 32  , 111  ,- 13.2362 , 12.2400 ,- 6.3616 ,- 13.2855 ,- 19.5025 ,- 35.5891 ,- 41.1682 ,- 45.4850 ,- 48.0362 ,- 49.6735 ,- 50.1074 ,- 48.8976 ,- 47.2110 ,- 44.2225 ,- 40.8625 ,- 137.9540 ,- 171.9289 ,- 153.4489 ,- 141.7842 ,- 122.0647 ,- 107.7666 ,- 97.5814 ,- 105.5080 ,- 100.2806 ,- 95.3195 ,- 83.8817 ,- 81.1463 ,- 65.4773 ,- 53.5825 ,- 43.5650 ,- 35.4970 , 20.5841 ,
03-13-2020 ,12:12:31 ,       9113.013, 250  ,            10  , 32  , 111  ,- 9.8729 , 10.5304 ,- 8.3441 ,- 14.6301 ,- 20.1929 ,- 36.2795 ,- 42.0559 ,- 46.1819 ,- 48.5195 ,- 50.2718 ,- 50.5085 ,- 48.7989 ,- 47.6088 ,- 44.7189 ,- 42.2860 ,- 134.7288 ,- 169.3776 ,- 151.7393 ,- 138.7628 ,- 119.8751 ,- 108.8055 ,- 96.3058 ,- 104.0154 ,- 99.6066 ,- 93.3831 ,- 83.5003 ,- 80.4888 ,- 65.4773 ,- 53.2209 ,- 42.4734 ,- 35.7962 , 20.5841 ,
03-13-2020 ,12:12:31 ,       9113.478, 250  ,            10  , 32  , 111  ,- 12.6444 , 10.9085 ,- 7.9266 ,- 14.6301 ,- 19.9956 ,- 36.4767 ,- 41.7600 ,- 45.9814 ,- 48.7135 ,- 49.9726 ,- 50.7091 ,- 49.1935 ,- 47.7107 ,- 44.7189 ,- 41.8093 ,- 136.6850 ,- 169.2790 ,- 151.3579 ,- 141.1036 ,- 122.5908 ,- 106.7277 ,- 95.6187 ,- 103.6176 ,- 98.0581 ,- 93.3831 ,- 82.1721 ,- 79.1737 ,- 63.8170 ,- 52.3989 ,- 42.2729 ,- 35.4970 , 21.3501 ,
03-13-2020 ,12:12:32 ,       9113.999, 250  ,            10  , 32  , 111  ,- 16.7967 , 12.6214 ,- 5.2142 ,- 12.7069 ,- 19.3052 ,- 35.4904 ,- 41.2669 ,- 45.2844 ,- 48.2269 ,- 49.5748 ,- 50.5085 ,- 48.6017 ,- 47.2110 ,- 44.3211 ,- 42.0033 ,- 141.3732 ,- 172.1261 ,- 153.5442 ,- 143.7338 ,- 116.3672 ,- 106.5403 ,- 95.4247 ,- 102.8220 ,- 98.2521 ,- 91.8313 ,- 81.9814 ,- 79.4565 ,- 64.3069 ,- 52.0373 ,- 42.0756 ,- 35.2011 , 21.6362 ,
03-13-2020 ,12:12:32 ,       9114.514, 250  ,            10  , 32  , 111  ,- 13.8312 , 13.0948 ,- 5.8389 ,- 13.5715 ,- 19.6011 ,- 35.8850 ,- 41.6614 ,- 45.8795 ,- 48.7135 ,- 49.9726 ,- 50.9096 ,- 49.0948 ,- 48.1085 ,- 44.6203 ,- 42.2860 ,- 141.6691 ,- 173.2045 ,- 154.1162 ,- 144.3190 ,- 120.8384 ,- 107.1058 ,- 96.0132 ,- 103.6176 ,- 98.3475 ,- 92.8965 ,- 81.7907 ,- 78.6115 ,- 63.8170 ,- 52.3102 ,- 42.2729 ,- 35.3984 , 21.8301 ,
03-13-2020 ,12:12:33 ,       9114.981, 250  ,            10  , 32  , 111  ,- 14.8208 , 12.1447 ,- 6.5721 ,- 14.0548 ,- 20.0943 ,- 36.8713 ,- 42.1545 ,- 46.7770 ,- 49.2954 ,- 50.8702 ,- 51.5113 ,- 49.9825 ,- 48.1085 ,- 45.1134 ,- 42.0954 ,- 141.8631 ,- 174.8746 ,- 156.1119 ,- 144.9042 ,- 121.9792 ,- 109.8477 ,- 97.9759 ,- 106.0044 ,- 101.3458 ,- 95.1255 ,- 85.0192 ,- 82.5568 ,- 67.3348 ,- 54.8581 ,- 44.9524 ,- 36.1907 , 20.8701 ,
03-13-2020 ,12:12:33 ,       9115.504, 250  ,            10  , 32  , 111  ,- 17.0959 , 11.7633 ,- 6.0493 ,- 12.9962 ,- 19.4038 ,- 35.4904 ,- 41.4641 ,- 45.8795 ,- 48.6148 ,- 49.9726 ,- 51.0082 ,- 49.3907 ,- 48.2071 ,- 45.1134 ,- 42.0954 ,- 140.1042 ,- 172.2247 ,- 154.0209 ,- 142.4680 ,- 121.2757 ,- 109.3743 ,- 96.7990 ,- 105.1102 ,- 99.7020 ,- 94.4483 ,- 83.6910 ,- 80.3968 ,- 65.2833 ,- 53.8554 ,- 43.1671 ,- 35.5956 , 20.8701 ,
03-13-2020 ,12:12:34 ,       9115.977, 250  ,            10  , 32  , 111  ,- 14.3244 , 12.5260 ,- 5.9441 ,- 13.1869 ,- 19.2033 ,- 35.5891 ,- 41.1682 ,- 45.3830 ,- 47.9376 ,- 49.9726 ,- 50.6072 ,- 48.8976 ,- 47.2110 ,- 43.9266 ,- 41.4313 ,- 137.9540 ,- 170.5546 ,- 152.2127 ,- 140.8077 ,- 115.9299 ,- 106.8231 ,- 94.9316 ,- 102.4242 ,- 97.7688 ,- 91.5420 ,- 81.1266 ,- 79.0784 ,- 63.3304 ,- 51.3995 ,- 41.5792 ,- 35.1025 , 21.5408 ,
03-13-2020 ,12:12:34 ,       9116.491, 250  ,            10  , 32  , 111  ,- 11.1584 , 10.8164 ,- 8.0318 ,- 14.2455 ,- 19.8970 ,- 35.2932 ,- 40.2806 ,- 44.5874 ,- 47.2603 ,- 48.4767 ,- 49.2033 ,- 47.5135 ,- 46.1195 ,- 43.3348 ,- 40.5765 ,- 134.5349 ,- 168.6905 ,- 150.7891 ,- 139.0554 ,- 121.5420 ,- 106.7277 ,- 95.4247 ,- 103.2198 ,- 98.2521 ,- 92.9951 ,- 82.2642 ,- 78.8910 ,- 64.2083 ,- 52.6751 ,- 42.2729 ,- 35.2011 , 21.8301 ,
03-13-2020 ,12:12:35 ,       9117.005, 250  ,            10  , 32  , 111  ,- 12.7430 , 10.7211 ,- 8.0318 ,- 14.2455 ,- 19.6997 ,- 36.2795 ,- 41.7600 ,- 46.1819 ,- 48.7135 ,- 50.2718 ,- 50.9096 ,- 49.0948 ,- 47.8093 ,- 44.8176 ,- 42.0954 ,- 134.0450 ,- 168.1020 ,- 150.5031 ,- 138.4702 ,- 120.2236 ,- 106.7277 ,- 95.9146 ,- 103.4203 ,- 98.2521 ,- 92.3179 ,- 82.1721 ,- 79.9266 ,- 64.3069 ,- 52.3989 ,- 42.4734 ,- 35.0006 , 22.4022 ,
03-13-2020 ,12:12:35 ,       9117.523, 250  ,            10  , 32  , 111  ,- 14.8208 , 12.8088 ,- 5.1090 ,- 12.6115 ,- 19.0060 ,- 34.8000 ,- 41.0696 ,- 44.9852 ,- 47.4543 ,- 49.0751 ,- 49.7063 ,- 48.5030 ,- 47.1124 ,- 43.9266 ,- 40.3858 ,- 139.5190 ,- 170.1634 ,- 151.6439 ,- 143.4412 ,- 123.3798 ,- 105.1201 ,- 94.7376 ,- 102.7233 ,- 98.2521 ,- 92.6072 ,- 82.2642 ,- 78.5162 ,- 63.6230 ,- 52.3102 ,- 42.1743 ,- 34.9019 , 20.9655 ,
03-13-2020 ,12:12:36 ,       9117.981, 250  ,            10  , 32  , 111  ,- 20.3573 , 12.6214 ,- 4.5863 ,- 11.9375 ,- 18.9074 ,- 35.4904 ,- 41.1682 ,- 45.8795 ,- 48.5195 ,- 50.0713 ,- 50.6072 ,- 49.1935 ,- 47.7107 ,- 44.6203 ,- 41.8093 ,- 142.5469 ,- 171.2417 ,- 152.7847 ,- 145.1935 ,- 119.8751 ,- 105.0247 ,- 94.3431 ,- 101.8291 ,- 96.8976 ,- 90.8647 ,- 79.8905 ,- 77.9540 ,- 62.3507 ,- 50.5808 ,- 41.5792 ,- 35.2011 , 20.2948 ,
03-13-2020 ,12:12:36 ,       9118.51, 250  ,             10  , 32  , 111  ,- 17.8849 , 8.9162 ,- 8.7616 ,- 14.4395 ,- 20.7880 ,- 36.7726 ,- 42.4504 ,- 46.4778 ,- 48.8088 ,- 49.8740 ,- 50.8077 ,- 49.2921 ,- 48.2071 ,- 45.1134 ,- 42.9502 ,- 136.0012 ,- 168.5919 ,- 150.8845 ,- 138.0823 ,- 117.9453 ,- 107.3885 ,- 95.2274 ,- 103.0192 ,- 98.8307 ,- 92.7058 ,- 82.3595 ,- 78.9863 ,- 63.9156 ,- 52.5830 ,- 42.4734 ,- 35.7962 , 21.5408 ,
03-13-2020 ,12:12:37 ,       9119.026, 250  ,            10  , 32  , 111  ,- 14.0285 , 12.2400 ,- 6.3616 ,- 13.3808 ,- 19.7984 ,- 35.8850 ,- 41.8587 ,- 46.1819 ,- 48.8088 ,- 50.1732 ,- 51.0082 ,- 49.2921 ,- 48.1085 ,- 44.8176 ,- 42.0954 ,- 136.8790 ,- 168.7891 ,- 150.2171 ,- 140.3245 ,- 122.5908 ,- 105.5935 ,- 95.4247 ,- 102.9206 ,- 97.8642 ,- 92.0253 ,- 81.5047 ,- 78.9863 ,- 63.6230 ,- 51.3995 ,- 41.8784 ,- 35.5956 , 21.3501 ,
03-13-2020 ,12:12:37 ,       9119.54, 250  ,             10  , 32  , 111  ,- 13.0389 , 14.8044 ,- 5.6318 ,- 13.5715 ,- 19.6997 ,- 36.3781 ,- 42.6510 ,- 47.0762 ,- 49.7787 ,- 51.1693 ,- 51.8104 ,- 50.0811 ,- 48.7036 ,- 45.7085 ,- 43.0455 ,- 144.7957 ,- 178.6028 ,- 158.5842 ,- 144.8056 ,- 119.6121 ,- 108.9042 ,- 96.8943 ,- 104.0154 ,- 99.0247 ,- 92.6072 ,- 82.4548 ,- 78.9863 ,- 63.9156 ,- 51.8532 ,- 42.1743 ,- 35.4970 , 21.2548 ,
03-13-2020 ,12:12:38 ,       9119.982, 250  ,            10  , 32  , 111  ,- 16.5008 , 10.0570 ,- 6.9896 ,- 13.6669 ,- 19.3052 ,- 35.3918 ,- 40.7737 ,- 45.2844 ,- 48.0362 ,- 49.5748 ,- 50.5085 ,- 48.9962 ,- 47.7107 ,- 44.7189 ,- 41.9047 ,- 134.8275 ,- 167.5135 ,- 149.7404 ,- 138.7628 ,- 117.6823 ,- 106.8231 ,- 95.5201 ,- 103.1212 ,- 97.7688 ,- 92.7058 ,- 81.9814 ,- 79.3611 ,- 64.0143 ,- 52.0373 ,- 41.6778 ,- 35.5956 , 21.5408 ,
03-13-2020 ,12:12:38 ,       9120.526, 250  ,            10  , 32  , 111  ,- 8.2915 , 7.7753 ,- 10.7441 ,- 16.1688 ,- 20.7880 ,- 37.0685 ,- 42.7496 ,- 46.5765 ,- 48.8088 ,- 50.1732 ,- 51.0082 ,- 49.0948 ,- 47.6088 ,- 44.8176 ,- 42.5721 ,- 128.9655 ,- 165.2549 ,- 148.2215 ,- 134.2817 ,- 117.5968 ,- 107.6746 ,- 95.4247 ,- 103.1212 ,- 98.7354 ,- 92.8011 ,- 82.9315 ,- 80.0187 ,- 64.9907 ,- 53.2209 ,- 42.7693 ,- 35.8948 , 20.3934 ,
03-13-2020 ,12:12:39 ,       9121.543, 250  ,            10  , 32  , 111  ,- 7.4006 , 10.2444 ,- 8.7616 ,- 14.3441 ,- 19.4038 ,- 35.6877 ,- 41.1682 ,- 45.2844 ,- 48.2269 ,- 49.2724 ,- 50.1074 ,- 48.7003 ,- 47.3129 ,- 44.2225 ,- 41.1452 ,- 130.3332 ,- 166.9250 ,- 149.7404 ,- 136.0340 ,- 117.4192 ,- 107.6746 ,- 95.7173 ,- 103.6176 ,- 98.0581 ,- 93.0905 ,- 82.4548 ,- 79.5485 ,- 64.1096 ,- 52.3989 ,- 42.2729 ,- 35.1025 , 21.3501 ,
03-13-2020 ,12:12:39 ,       9121.555, 250  ,            10  , 32  , 111  ,- 15.2154 , 11.2899 ,- 6.0493 ,- 12.8975 ,- 18.9074 ,- 34.7014 ,- 40.9710 ,- 44.9852 ,- 47.4543 ,- 48.7759 ,- 50.1074 ,- 48.2071 ,- 47.0137 ,- 43.8280 ,- 41.0499 ,- 136.5864 ,- 168.9831 ,- 150.5984 ,- 140.3245 ,- 121.8905 ,- 106.4450 ,- 95.7173 ,- 103.5190 ,- 99.5080 ,- 92.8965 ,- 83.1189 ,- 80.2061 ,- 65.4773 ,- 53.0367 ,- 43.2658 ,- 35.5956 , 22.0208 ,
03-13-2020 ,12:12:40 ,       9122.03, 250  ,             10  , 32  , 111  ,- 10.1721 , 10.3397 ,- 8.7616 ,- 15.0181 ,- 20.1929 ,- 36.9699 ,- 42.6510 ,- 46.3792 ,- 49.0028 ,- 50.2718 ,- 51.0082 ,- 49.1935 ,- 47.9080 ,- 44.7189 ,- 42.0033 ,- 135.2187 ,- 169.2790 ,- 150.9765 ,- 139.1541 ,- 118.2083 ,- 106.2543 ,- 95.3261 ,- 102.9206 ,- 97.6702 ,- 92.2192 ,- 81.4126 ,- 78.5162 ,- 63.4258 ,- 52.1293 ,- 42.1743 ,- 35.5956 , 21.7315 ,
03-13-2020 ,12:12:40 ,       9122.522, 250  ,            10  , 32  , 111  ,- 21.9419 , 11.7633 ,- 4.9019 ,- 12.6115 ,- 19.4038 ,- 35.6877 ,- 41.7600 ,- 45.9814 ,- 48.6148 ,- 50.3704 ,- 51.3107 ,- 49.6899 ,- 48.2071 ,- 45.5080 ,- 43.3315 ,- 142.8395 ,- 173.0072 ,- 154.8757 ,- 144.1250 ,- 118.1195 ,- 108.6181 ,- 96.6017 ,- 103.8181 ,- 99.9913 ,- 93.5770 ,- 83.4050 ,- 80.8636 ,- 65.2833 ,- 53.2209 ,- 42.8713 ,- 36.4899 , 20.1041 ,
03-13-2020 ,12:12:41 ,       9123.03, 250  ,             10  , 32  , 111  ,- 13.5321 , 11.4806 ,- 7.0915 ,- 13.6669 ,- 19.6997 ,- 35.5891 ,- 41.2669 ,- 45.3830 ,- 48.2269 ,- 49.6735 ,- 50.3080 ,- 48.5030 ,- 47.3129 ,- 44.4230 ,- 41.2406 ,- 137.8554 ,- 171.9289 ,- 153.2615 ,- 142.3694 ,- 125.0466 ,- 108.7135 ,- 97.6801 ,- 105.7053 ,- 100.6685 ,- 95.0302 ,- 84.0724 ,- 81.0543 ,- 65.2833 ,- 53.4017 ,- 43.0685 ,- 35.8948 , 21.3501 ,
03-13-2020 ,12:12:41 ,       9123.494, 250  ,            10  , 32  , 111  ,- 15.8104 , 12.9041 ,- 5.2142 ,- 12.5162 ,- 19.3052 ,- 35.4904 ,- 41.9573 ,- 46.2806 ,- 49.0028 ,- 50.4724 ,- 51.6099 ,- 49.8871 ,- 48.3058 ,- 45.1134 ,- 42.5721 ,- 139.3217 ,- 171.2417 ,- 152.1206 ,- 141.7842 ,- 126.0987 ,- 104.6466 ,- 94.8329 ,- 102.8220 ,- 98.3475 ,- 92.1239 ,- 81.7907 ,- 79.1737 ,- 63.8170 ,- 52.2181 ,- 42.4734 ,- 35.8948 , 20.2948 ,
03-13-2020 ,12:12:42 ,       9123.999, 250  ,            10  , 32  , 111  ,- 6.7101 , 10.0570 ,- 9.7019 ,- 15.3995 ,- 20.7880 ,- 36.8713 ,- 42.7496 ,- 46.4778 ,- 49.2954 ,- 50.3704 ,- 51.2088 ,- 49.6899 ,- 47.9080 ,- 45.0148 ,- 42.0954 ,- 131.0171 ,- 166.8264 ,- 148.9809 ,- 136.9118 ,- 119.3491 ,- 106.7277 ,- 94.8329 ,- 102.5228 ,- 97.6702 ,- 92.3179 ,- 81.8861 ,- 78.5162 ,- 63.1332 ,- 51.4915 ,- 41.2833 ,- 35.8948 , 21.4455 ,
03-13-2020 ,12:12:42 ,       9124.523, 250  ,            10  , 32  , 111  ,- 18.0822 , 13.1901 ,- 4.3792 ,- 12.8975 ,- 19.4038 ,- 35.8850 ,- 41.8587 ,- 46.2806 ,- 48.6148 ,- 50.0713 ,- 50.7091 ,- 49.1935 ,- 47.8093 ,- 44.8176 ,- 42.1907 ,- 143.4280 ,- 173.2045 ,- 154.2116 ,- 145.7787 ,- 116.1929 ,- 105.5935 ,- 94.7376 ,- 102.5228 ,- 97.2855 ,- 91.4466 ,- 81.1266 ,- 78.6115 ,- 63.4258 ,- 52.1293 ,- 42.6707 ,- 35.8948 , 19.9134 ,
03-13-2020 ,12:12:43 ,       9125.486, 250  ,            10  , 32  , 111  ,- 14.1271 , 12.1447 ,- 6.4669 ,- 13.3808 ,- 19.3052 ,- 35.7863 ,- 41.6614 ,- 46.1819 ,- 48.6148 ,- 50.3704 ,- 51.1102 ,- 49.5880 ,- 48.3058 ,- 45.3107 ,- 42.6674 ,- 137.8554 ,- 170.0647 ,- 151.6439 ,- 140.8077 ,- 120.6642 ,- 106.8231 ,- 95.9146 ,- 103.6176 ,- 98.6401 ,- 93.0905 ,- 82.2642 ,- 78.7990 ,- 64.3069 ,- 52.5830 ,- 41.8784 ,- 35.9934 , 21.5408 ,
03-13-2020 ,12:12:43 ,       9125.498, 250  ,            10  , 32  , 111  ,- 8.2915 , 10.6258 ,- 8.5545 ,- 14.7288 ,- 20.0943 ,- 36.0822 ,- 41.6614 ,- 45.8795 ,- 48.2269 ,- 49.4729 ,- 50.1074 ,- 48.5030 ,- 46.9151 ,- 43.8280 ,- 41.3359 ,- 133.0686 ,- 169.3776 ,- 151.2625 ,- 137.6910 ,- 121.8017 ,- 108.5228 ,- 96.4044 ,- 104.5118 ,- 99.8959 ,- 93.9650 ,- 83.2143 ,- 81.3337 ,- 65.2833 ,- 52.9480 ,- 43.1671 ,- 35.2997 , 22.1162 ,
03-13-2020 ,12:12:44 ,       9126.014, 250  ,            10  , 32  , 111  ,- 12.5458 , 11.8586 ,- 6.4669 ,- 13.3808 ,- 19.2033 ,- 35.2932 ,- 41.3655 ,- 45.5836 ,- 48.5195 ,- 49.6735 ,- 50.4066 ,- 49.0948 ,- 47.8093 ,- 44.7189 ,- 42.1907 ,- 134.4362 ,- 168.0034 ,- 150.5031 ,- 137.3984 ,- 118.9973 ,- 107.4839 ,- 95.6187 ,- 103.3184 ,- 98.5414 ,- 92.9951 ,- 82.3595 ,- 79.0784 ,- 64.5009 ,- 52.9480 ,- 41.8784 ,- 35.4970 , 21.1595 ,
03-13-2020 ,12:12:44 ,       9126.508, 250  ,            10  , 32  , 111  ,- 16.4022 , 11.9540 ,- 5.8389 ,- 13.5715 ,- 19.6011 ,- 36.3781 ,- 42.0559 ,- 46.4778 ,- 49.4861 ,- 50.6729 ,- 51.3107 ,- 49.2921 ,- 48.0066 ,- 45.2121 ,- 42.5721 ,- 139.0291 ,- 170.0647 ,- 152.4034 ,- 141.6888 ,- 119.8751 ,- 105.9716 ,- 95.2274 ,- 102.8220 ,- 98.1535 ,- 92.1239 ,- 81.7907 ,- 79.3611 ,- 64.3069 ,- 51.6724 ,- 41.7765 ,- 34.9019 , 22.6915 ,
03-13-2020 ,12:12:45 ,       9126.999, 250  ,            10  , 32  , 111  ,- 14.2258 , 12.0493 ,- 5.9441 ,- 12.9962 ,- 19.0060 ,- 34.9973 ,- 40.3792 ,- 44.6861 ,- 47.4543 ,- 48.7759 ,- 49.5058 ,- 48.5030 ,- 46.9151 ,- 43.9266 ,- 41.5266 ,- 139.5190 ,- 173.1059 ,- 154.1162 ,- 143.0499 ,- 123.7316 ,- 108.1447 ,- 96.6017 ,- 104.2127 ,- 99.4127 ,- 93.7677 ,- 83.2143 ,- 79.0784 ,- 64.1096 ,- 52.4910 ,- 41.8784 ,- 35.6943 , 22.3069 ,
03-13-2020 ,12:12:45 ,       9127.509, 250  ,            10  , 32  , 111  ,- 11.3589 , 11.0038 ,- 7.4038 ,- 14.1501 ,- 19.6997 ,- 36.1808 ,- 41.7600 ,- 45.9814 ,- 48.3255 ,- 49.7721 ,- 50.5085 ,- 48.8976 ,- 47.5102 ,- 44.5217 ,- 42.0033 ,- 136.8790 ,- 171.8302 ,- 153.3535 ,- 140.1272 ,- 119.6976 ,- 109.6603 ,- 97.1902 ,- 104.9096 ,- 99.9913 ,- 94.5469 ,- 83.6910 ,- 81.1463 ,- 65.5759 ,- 53.2209 ,- 43.2658 ,- 35.5956 , 21.8301 ,
03-13-2020 ,12:12:46 ,       9128.032, 250  ,            10  , 32  , 111  ,- 5.8192 , 9.5803 ,- 11.0597 ,- 16.6521 ,- 21.1825 ,- 37.8576 ,- 43.5387 ,- 47.5726 ,- 49.9726 ,- 50.8702 ,- 51.5113 ,- 49.6899 ,- 48.6017 ,- 45.2121 ,- 42.6674 ,- 135.3173 ,- 172.9119 ,- 154.0209 ,- 140.8077 ,- 122.7683 ,- 110.6039 ,- 98.2685 ,- 105.8072 ,- 101.2505 ,- 95.0302 ,- 84.4505 ,- 81.0543 ,- 65.3820 ,- 53.7666 ,- 43.4663 ,- 35.8948 , 20.7748 ,
03-13-2020 ,12:12:46 ,       9128.503, 250  ,            10  , 32  , 111  ,- 13.0389 , 12.1447 ,- 6.5721 ,- 13.6669 ,- 19.6011 ,- 35.9836 ,- 41.7600 ,- 45.9814 ,- 48.7135 ,- 50.0713 ,- 50.7091 ,- 49.5880 ,- 47.9080 ,- 45.0148 ,- 42.4767 ,- 137.3688 ,- 170.9458 ,- 152.2127 ,- 140.9064 ,- 120.6642 ,- 107.1058 ,- 95.9146 ,- 103.5190 ,- 98.4428 ,- 92.5085 ,- 81.9814 ,- 79.4565 ,- 63.6230 ,- 51.2187 ,- 41.6778 ,- 35.2997 , 21.0641 ,
03-13-2020 ,12:12:47 ,       9129.034, 250  ,            10  , 32  , 111  ,- 22.6323 , 9.9584 ,- 6.4669 ,- 13.4762 ,- 19.9956 ,- 36.0822 ,- 42.2532 ,- 46.2806 ,- 48.8088 ,- 50.4724 ,- 51.2088 ,- 49.7885 ,- 48.7036 ,- 45.9058 ,- 43.4269 ,- 140.1042 ,- 168.2960 ,- 150.9765 ,- 142.4680 ,- 120.2236 ,- 104.9294 ,- 95.1288 ,- 102.3255 ,- 97.9628 ,- 92.0253 ,- 82.0768 ,- 79.1737 ,- 64.1096 ,- 52.3989 ,- 42.2729 ,- 36.2893 , 21.2548 ,
03-13-2020 ,12:12:47 ,       9129.519, 250  ,            10  , 32  , 111  ,- 17.7863 , 11.3852 ,- 5.6318 ,- 12.8975 ,- 19.1047 ,- 35.2932 ,- 40.7737 ,- 45.1858 ,- 47.8422 ,- 48.8745 ,- 50.0055 ,- 48.5030 ,- 47.2110 ,- 43.7293 ,- 40.4811 ,- 139.1277 ,- 170.7519 ,- 153.4489 ,- 141.9782 ,- 120.9272 ,- 110.0384 ,- 97.5814 ,- 105.3075 ,- 100.2806 ,- 95.0302 ,- 84.0724 ,- 81.3337 ,- 65.9672 ,- 53.4937 ,- 43.8608 ,- 35.0006 , 22.2115 ,
03-13-2020 ,12:12:48 ,       9130.019, 250  ,            10  , 32  , 111  ,- 9.9748 , 10.7211 ,- 8.7616 ,- 14.9195 ,- 20.0943 ,- 36.2795 ,- 42.1545 ,- 45.8795 ,- 48.3255 ,- 49.6735 ,- 50.3080 ,- 48.6017 ,- 47.3129 ,- 44.6203 ,- 41.8093 ,- 135.0214 ,- 170.3573 ,- 152.3080 ,- 139.2494 ,- 121.3644 ,- 108.9042 ,- 96.7990 ,- 104.8110 ,- 100.4779 ,- 94.2543 ,- 84.2598 ,- 81.0543 ,- 66.3584 ,- 53.7666 ,- 43.4663 ,- 35.7962 , 21.6362 ,
03-13-2020 ,12:12:48 ,       9130.517, 250  ,            10  , 32  , 111  ,- 16.2049 , 12.2400 ,- 5.3162 ,- 12.5162 ,- 18.9074 ,- 34.7014 ,- 40.5765 ,- 44.6861 ,- 47.4543 ,- 48.8745 ,- 49.8050 ,- 48.4044 ,- 46.9151 ,- 44.0252 ,- 41.5266 ,- 140.2028 ,- 172.4187 ,- 153.9256 ,- 143.7338 ,- 119.9639 ,- 108.2401 ,- 96.8943 ,- 104.1140 ,- 98.6401 ,- 93.4784 ,- 82.4548 ,- 79.9266 ,- 63.9156 ,- 51.9452 ,- 41.3819 ,- 35.2011 , 21.6362 ,
03-13-2020 ,12:12:49 ,       9131.04, 250  ,             10  , 32  , 111  ,- 13.5321 , 10.8164 ,- 8.1370 ,- 14.8241 ,- 20.2915 ,- 36.6740 ,- 42.5491 ,- 46.4778 ,- 49.1014 ,- 50.4724 ,- 50.4066 ,- 49.2921 ,- 47.7107 ,- 44.8176 ,- 42.2860 ,- 137.2702 ,- 170.3573 ,- 152.5941 ,- 140.4198 ,- 121.1014 ,- 108.9042 ,- 96.5031 ,- 104.1140 ,- 100.2806 ,- 93.8663 ,- 83.9770 ,- 80.9589 ,- 65.9672 ,- 53.9474 ,- 43.4663 ,- 35.3984 , 21.2548 ,
03-13-2020 ,12:12:49 ,       9131.565, 250  ,            10  , 32  , 111  ,- 11.9507 , 11.8586 ,- 7.1967 ,- 14.1501 ,- 19.7984 ,- 36.3781 ,- 41.9573 ,- 46.1819 ,- 49.0028 ,- 50.5710 ,- 51.1102 ,- 49.3907 ,- 48.0066 ,- 45.0148 ,- 42.1907 ,- 134.6335 ,- 167.7075 ,- 149.4576 ,- 138.2762 ,- 116.4560 ,- 105.3107 ,- 94.2444 ,- 102.1250 ,- 96.8022 ,- 91.7359 ,- 80.9359 ,- 78.2368 ,- 63.2318 ,- 51.8532 ,- 41.3819 ,- 35.5956 , 20.8701 ,
03-13-2020 ,12:12:50 ,       9132.017, 250  ,            10  , 32  , 111  ,- 17.4904 , 9.1069 ,- 8.0318 ,- 14.3441 ,- 19.9956 ,- 36.3781 ,- 41.7600 ,- 46.1819 ,- 48.8088 ,- 50.1732 ,- 50.8077 ,- 49.3907 ,- 48.2071 ,- 45.5080 ,- 43.3315 ,- 134.7288 ,- 167.8061 ,- 150.3124 ,- 137.0072 ,- 116.2817 ,- 107.9573 ,- 95.1288 ,- 102.7233 ,- 98.2521 ,- 91.9299 ,- 82.4548 ,- 79.3611 ,- 63.5244 ,- 51.3107 ,- 41.6778 ,- 35.7962 , 21.7315 ,
03-13-2020 ,12:12:50 ,       9132.558, 250  ,            10  , 32  , 111  ,- 12.4438 , 9.1069 ,- 8.9721 ,- 14.6301 ,- 20.1929 ,- 36.7726 ,- 41.7600 ,- 46.0800 ,- 48.8088 ,- 50.0713 ,- 50.7091 ,- 48.9962 ,- 47.7107 ,- 44.4230 ,- 41.3359 ,- 134.7288 ,- 169.0817 ,- 151.3579 ,- 138.9601 ,- 119.2603 ,- 108.3354 ,- 96.7990 ,- 104.7124 ,- 99.7020 ,- 94.0603 ,- 83.1189 ,- 80.5842 ,- 64.9907 ,- 53.5825 ,- 43.4663 ,- 35.4970 , 20.8701 ,
03-13-2020 ,12:12:51 ,       9133.075, 250  ,            10  , 32  , 111  ,- 7.1047 , 10.4351 ,- 9.5967 ,- 15.7874 ,- 20.6893 ,- 36.9699 ,- 42.4504 ,- 46.0800 ,- 49.0028 ,- 49.7721 ,- 50.4066 ,- 48.6017 ,- 47.1124 ,- 44.2225 ,- 41.7173 ,- 132.8746 ,- 168.6905 ,- 150.2171 ,- 137.3984 ,- 120.8384 ,- 108.0494 ,- 96.1118 ,- 103.9168 ,- 99.3140 ,- 93.2844 ,- 83.2143 ,- 80.7716 ,- 65.0893 ,- 53.0367 ,- 42.5721 ,- 35.1025 , 22.2115 ,
03-13-2020 ,12:12:51 ,       9133.522, 250  ,            10  , 32  , 111  ,- 17.1945 , 11.1945 ,- 6.1512 ,- 13.1869 ,- 19.3052 ,- 35.5891 ,- 41.1682 ,- 45.1858 ,- 48.2269 ,- 49.4729 ,- 50.4066 ,- 48.9962 ,- 48.0066 ,- 44.9162 ,- 41.9047 ,- 139.1277 ,- 169.5749 ,- 151.5486 ,- 142.0768 ,- 121.9792 ,- 106.2543 ,- 95.0302 ,- 102.9206 ,- 98.2521 ,- 92.8011 ,- 82.0768 ,- 78.6115 ,- 63.9156 ,- 53.1288 ,- 42.7693 ,- 35.0006 , 22.0208 ,
03-13-2020 ,12:12:52 ,       9134.079, 250  ,            10  , 32  , 111  ,- 14.2258 , 10.5304 ,- 7.5090 ,- 14.0548 ,- 19.9956 ,- 36.0822 ,- 41.9573 ,- 46.3792 ,- 49.1014 ,- 50.1732 ,- 51.1102 ,- 49.4893 ,- 47.9080 ,- 44.5217 ,- 41.9047 ,- 136.5864 ,- 169.7689 ,- 151.7393 ,- 140.2258 ,- 120.4012 ,- 107.0105 ,- 95.9146 ,- 103.1212 ,- 98.4428 ,- 92.4132 ,- 82.4548 ,- 80.4888 ,- 64.4055 ,- 52.9480 ,- 42.8713 ,- 35.2997 , 20.8701 ,
03-13-2020 ,12:12:52 ,       9134.525, 250  ,            10  , 32  , 111  ,- 10.8625 , 10.1490 ,- 8.9721 ,- 15.3995 ,- 20.1929 ,- 36.8713 ,- 42.7496 ,- 46.4778 ,- 49.1014 ,- 50.6729 ,- 51.5113 ,- 49.8871 ,- 48.4044 ,- 45.3107 ,- 42.8581 ,- 135.3173 ,- 169.4763 ,- 151.0719 ,- 139.6406 ,- 119.7864 ,- 107.2012 ,- 95.7173 ,- 103.6176 ,- 98.7354 ,- 92.9951 ,- 82.2642 ,- 78.9863 ,- 64.2083 ,- 52.3989 ,- 42.2729 ,- 36.0921 , 22.8822 ,
03-13-2020 ,12:12:53 ,       9135.046, 250  ,            10  , 32  , 111  ,- 16.1063 , 12.4307 ,- 5.7370 ,- 13.5715 ,- 19.9956 ,- 36.5754 ,- 42.3518 ,- 46.9776 ,- 49.4861 ,- 50.8702 ,- 51.6099 ,- 49.6899 ,- 48.2071 ,- 44.9162 ,- 41.9047 ,- 142.0603 ,- 173.5004 ,- 154.5897 ,- 145.8773 ,- 121.0160 ,- 107.2012 ,- 96.3058 ,- 103.8181 ,- 98.9294 ,- 92.7058 ,- 82.4548 ,- 80.1140 ,- 64.5009 ,- 52.3102 ,- 42.7693 ,- 35.8948 , 20.9655 ,
03-13-2020 ,12:12:53 ,       9135.559, 250  ,            10  , 32  , 111  ,- 9.9748 , 10.7211 ,- 8.1370 ,- 14.6301 ,- 20.0943 ,- 36.1808 ,- 41.5628 ,- 45.4850 ,- 48.4241 ,- 49.4729 ,- 50.2061 ,- 48.6017 ,- 47.7107 ,- 44.4230 ,- 41.9047 ,- 134.5349 ,- 168.8878 ,- 151.1672 ,- 138.6675 ,- 122.1535 ,- 108.1447 ,- 96.3058 ,- 104.4132 ,- 99.2187 ,- 93.7677 ,- 83.2143 ,- 79.8313 ,- 64.7935 ,- 52.4910 ,- 41.8784 ,- 35.5956 , 20.5841 ,
03-13-2020 ,12:12:54 ,       9136.039, 250  ,            10  , 32  , 111  ,- 9.1825 , 10.4351 ,- 8.6564 ,- 14.5348 ,- 20.0943 ,- 36.3781 ,- 42.0559 ,- 46.3792 ,- 48.8088 ,- 50.2718 ,- 51.0082 ,- 49.2921 ,- 47.8093 ,- 44.6203 ,- 41.3359 ,- 133.7524 ,- 169.8675 ,- 151.3579 ,- 137.2045 ,- 118.2083 ,- 108.4307 ,- 96.3058 ,- 103.6176 ,- 98.8307 ,- 93.0905 ,- 82.4548 ,- 80.2061 ,- 64.5009 ,- 52.5830 ,- 43.2658 ,- 35.2011 , 21.7315 ,
03-13-2020 ,12:12:54 ,       9136.528, 250  ,            10  , 32  , 111  ,- 12.2466 , 11.5759 ,- 7.1967 ,- 14.0548 ,- 19.8970 ,- 35.9836 ,- 41.9573 ,- 45.6822 ,- 48.5195 ,- 49.6735 ,- 50.6072 ,- 48.6017 ,- 47.4115 ,- 44.2225 ,- 41.6219 ,- 137.8554 ,- 171.8302 ,- 152.6894 ,- 142.2708 ,- 127.7655 ,- 107.3885 ,- 97.2888 ,- 105.0116 ,- 100.5732 ,- 94.8362 ,- 84.0724 ,- 80.7716 ,- 65.8685 ,- 53.9474 ,- 43.3677 ,- 35.9934 , 21.3501 ,
